0.0,0.0,0.0
0.017634910713020917,0.4925388086029018,0.03147732307037293
-0.061952613186574024,-0.8404347149962126,0.09793340949812095
0.30640130338384575,0.2693693933109533,0.02528195850250447
-0.6004932949664241,0.32597858973231825,0.07465387727856462
0.05508099905085534,0.7805960500088185,0.10352178401945882
-0.07763161436648905,-0.7827655222033052,0.09652487253117809
0.4202538587097887,0.2839784639237152,0.09120286525513595
-1.3368810075183117,0.43294103849787424,0.1357361478850386
-0.07379529104317599,-0.7925524156107229,0.07435929788906646
1.195690045209495,0.23256314266966088,0.18899817964800508
-1.3428672313428343,0.46072122609312677,0.156259171847646
-0.05772039364863148,-0.8223250206805301,0.1352706210857971
-1.3528101939804358,0.4674072098619202,0.19673754370702087
-0.03274333369522117,-0.8644481715231052,0.2261746196746889
-1.3636382143112948,0.45467984536611367,0.2600138248639908
-0.0016431686117000105,-0.875598888274183,0.331971791909335
-1.3682234549090377,0.42399508854723805,0.34084965837434256
0.03489954612003924,-0.8752480504020141,0.4105895978239266
-1.354288612563876,0.3981073729918507,0.4200883075164748
0.06080558800089368,-0.870772905054154,0.5076935518559492
-1.3513692456604873,0.3649732410212386,0.4639934187524355
0.07757746484929653,-0.863579190236712,0.5677025319243455
-1.3641233143981355,0.34000236304676823,0.5193775103198747
0.09216012226093118,-0.8531198195109622,0.6143671988644748
-1.3615496771616813,0.3252927579136655,0.562582872759809
0.10197948002251847,-0.8666202616621934,0.6363636674915818
-1.3602823224255733,0.30885461895110966,0.5960992148267469
0.12097934862585018,-0.8566203526294809,0.6576945654582556
-1.3624767618119007,0.31450961580160397,0.6232189879068163
0.1257238807194882,-0.8714082094352764,0.6579831622987857
-1.3580491927148437,0.31393353905808546,0.6364330850382164
0.13177589173289786,-0.8658512370394138,0.6577705787321915
-1.3597166776562395,0.31294337787843396,0.6460159499557321
0.13571758385426058,-0.8656830074400743,0.6589790335893647
-1.3571670265502447,0.31543437578895794,0.6507773842678911
0.13926910293020975,-0.8615289293439445,0.6654208723421955
-1.369955264021988,0.32030009206895477,0.6609516057394547
0.14360402215071258,-0.8578205550420928,0.6741037499458921
-1.3585554033414944,0.3258731208096944,0.664494267472477
0.14603519597675232,-0.8662749870567135,0.6760439617381305
-1.3541142586840516,0.3300358615341085,0.790525258135401
0.1546969248888298,-0.8616555203211467,0.6883003842695586
-1.3786376736636163,0.33540645321949103,0.8100281148201712
0.17507455967158872,-0.8527702531754899,0.6890203596722764
-1.3699513843490296,0.3363864606477847,0.8130249655231411
0.21055211968390028,-0.8777288508331693,0.6969443261612871
-1.3683604823709405,0.3291184156531205,0.7789484141507412
0.25271324936506334,-0.8723165942288356,0.7007321352662891
-1.348007945182531,0.3205563992887083,0.735310722030587
0.29771523349314494,-0.8845978609598817,0.7058794073253807
-1.338230630214488,0.3130301358721179,0.7070249299393335
0.33660976408798193,-0.8895594142025485,0.7119975105870054
-1.3419806826176053,0.3090704266737073,0.6903499520711153
0.3789302575771311,-0.8922868203660721,0.7168806214042455
-1.3381340209447612,0.29933188310142994,0.6848786063032741
0.4176321395313823,-0.8955915727184647,0.7175666088823495
-1.3228017096789857,0.296798870399194,0.6820835469449129
0.4534447336145478,-0.8902613980141616,0.7215143139132076
-1.3233735959030888,0.29745134388637656,0.6964730156788649
0.48732287564216153,-0.9026546105254953,0.7235309825953131
-1.3246447432982131,0.29380447239766305,0.7057542899270035
0.5105759297497134,-0.904575247436008,0.7245678771275482
-1.3122998219461721,0.2910379804790522,0.7199849617137439
0.5287104103939144,-0.9178874186481525,0.723631540153897
-1.3266373899329604,0.2923919737020605,0.7272828788982988
0.5595620822911894,-0.8957106018814747,0.7242929058837471
-1.3238480708291904,0.2936639678658257,0.7403965688674189
0.5894783359219443,-0.9127691049879905,0.7261043391015695
-1.317416601617645,0.29085664207722156,0.7412621155742879
0.6074042046164165,-0.9127870964101736,0.7258135717203205
-1.3160296791832147,0.29028719011416637,0.7360290382010042
0.6436378407088696,-0.9138410974820748,0.7218081856708874
-1.3020017727785098,0.29064279844218255,0.7321541456458184
0.6693562454007063,-0.9041950459623485,0.7234048158808609
-1.3129556731904606,0.29523945418585446,0.7287280917179094
0.697985166353622,-0.9080142630614656,0.719668861246096
-1.3075111760769564,0.2975592387674448,0.7258293957643672
0.7214631229276915,-0.9046961092518488,0.7219585289809529
-1.3134755724214364,0.2963425550913023,0.7245339752738817
0.7474621008242328,-0.9048717082074142,0.7196480647553941
-1.310260705636439,0.29313416597205777,0.7315970062605962
0.7689307122964469,-0.9049107127647142,0.7202088580674861
-1.3055117682739827,0.28853557921298106,0.729338095138036
0.8006297264909649,-0.8987002374458872,0.7225761296055312
-1.3147116635432523,0.2861085659269103,0.7421695738771554
0.8286445620014713,-0.8998544050555308,0.7261032997508071
-1.3030884933108848,0.2868632657808686,0.7379502661674647
0.8626457379587865,-0.9083775740606208,0.7258886404381094
-1.2982559218823218,0.282639342585126,0.7401617185784163
0.8960474178942427,-0.9139379768170315,0.7256376580966577
-1.2911527575085984,0.2774181471353079,0.7289510610362515
0.922163371021812,-0.9079241476678739,0.7247050244822021
-1.2860025171481424,0.2799719187392091,0.719106298093579
0.9509333619404892,-0.9070067185634536,0.721996770990338
-1.291594518919546,0.2751871734156969,0.7141033982896677
0.9866772115268171,-0.9089198283025959,0.7219815078650698
-1.2726235529762255,0.2771856292104773,0.7186801182077199
1.0100233929978488,-0.9100253427418885,0.717608388261942
-1.280774154799305,0.27663655984897934,0.7101167965774187
1.0376414777183811,-0.8985981178673428,0.7169706248517328
-1.2898170376231168,0.2819011255511054,0.71425112989451
1.068513065002064,-0.8971505830528952,0.7142306643505041
-1.2601932112845624,0.28170354571726125,0.7143785319639179
1.0945534974978253,-0.9050790395208708,0.7124274796854309
-1.280122032186155,0.28125056261208026,0.7142174023601905
1.1299979769832802,-0.9004086098491173,0.7143899590563367
-1.2687817849033975,0.2781445258222086,0.7201484625231521
1.1652686813358508,-0.9067475029009313,0.7147228331471646
-1.259517574949053,0.2579754596288262,0.7132973901476115
1.1971735151339367,-0.8990614504920669,0.7166582542529746
-1.2400991923282958,0.25289602588716564,0.7093972575095604
1.2287575268992017,-0.9016446152562361,0.7162855812421791
-1.248069714141098,0.2524228646830876,0.7160214085802183
1.2570112182853137,-0.9070198070441293,0.7155060619487152
-1.2629602023874136,0.24990011997852046,0.7149390958268946
1.289652481414457,-0.9106001308373473,0.713251161592765
1.3233051130426274,-0.9101639889892255,0.7109173996405164
1.3554413631283555,-0.9050730618586036,0.7107584297295347
1.3928397190377566,-0.9053571335206483,0.7121106290688685
1.4256474444136171,-0.9015374682664319,0.7138130495752354
1.4529275458696664,-0.9025965219015137,0.7115697034636385
1.4831834956177787,-0.8920246676903083,0.7066879686346514
1.4990939840712745,-0.8818852631402381,0.6995510399755267
1.5213687098532152,-0.8964869753082818,0.6974918276092824
1.5493335526733685,-0.8926910950114366,0.6969919701474628
1.5797025498885768,-0.8969253151518424,0.6942841271787255
1.6076491752427515,-0.8842291669889681,0.6952955030630806
1.6351863895436831,-0.880238004222051,0.6943592871199293
1.6705118783957205,-0.8805437868525761,0.6961014715224971
1.7054120535666202,-0.8875154254804805,0.7004299530165403
1.7429319136534944,-0.8847230416959799,0.6998233194056257
1.7785832108936368,-0.8822056430482434,0.7001907532863954
1.810711750549948,-0.8828736351792601,0.6999396360378605
1.8434291617717586,-0.891220534448375,0.6976802394503911
1.879690209334546,-0.8886010216141011,0.6968039738985189
1.910971588025035,-0.883041664699159,0.6950957136873177
1.9424136032828694,-0.8802645509564457,0.6940601535984958
1.97381258698636,-0.8875788067737718,0.6882122232661638
2.007912167210909,-0.8841197403387409,0.6923503645665535
2.03505413833401,-0.8886052590229658,0.690914716206428
2.0747305208238807,-0.88531171101741,0.6934353962760825
2.1118058656368204,-0.889141025111674,0.6906732891087843
2.1425778894146235,-0.8896849823498219,0.6923848167329965
2.181241897474457,-0.8960281838465278,0.6880624379743999
2.2158556409436323,-0.8834309655154622,0.6804848334411268
2.2522616174629837,-0.8849185714353296,0.6763550867152719
2.291348274784854,-0.8820419949978646,0.6806749403555606
2.3284943111602097,-0.879528438167188,0.6882361058292574
2.3557771607143154,-0.888429188195802,0.6965831749434734
2.3917397314673656,-0.876329770017297,0.6938327387938883
4.830370208193486,0.4101121512896919,0.6873843989670165
2.418811161891221,-0.887832140583767,0.6878586863185796
4.825741914792145,0.40377086700293996,0.6877119458511917
2.451324744058196,-0.8757734903871865,0.6832124811578713
4.847044837959292,0.3980524632758045,0.6694403552109124
2.4773040640670705,-0.8770998087541912,0.6801929454925854
4.837273731002581,0.39279918184590507,0.6851653510628686
2.506476391863396,-0.8765606357758142,0.6781067857481287
4.834200227870619,0.39057870413436735,0.6820610917314122
2.5435619443875037,-0.8703441273782142,0.6744981392470972
4.843989952016495,0.3972046742061972,0.6773296261408357
2.5771849788706964,-0.8726483475221651,0.6779215788033042
4.858977109513095,0.4007439426845917,0.6698130782998813
2.6064700999782864,-0.8689967282286244,0.678946864734127
4.853844042488658,0.3953941235941167,0.6764696985406237
2.63846728213144,-0.8735684792262386,0.677225819951902
4.849494100266864,0.3881087276779962,0.677038565383736
2.6726122861523733,-0.8810618784130073,0.676446573577094
4.863451664045876,0.3847401059287793,0.6845185440680227
2.7005596483503207,-0.8704234269669293,0.676986551056104
4.862305710964032,0.3905351737011215,0.6848839034851241
2.7308329896490076,-0.8776516675727493,0.6729042935641455
4.869107897370364,0.38520104992201004,0.6779474002779134
2.7564396084660334,-0.8721863135360626,0.6742008559196713
4.8611988864182045,0.3763005411005817,0.7138739661299365
2.7825101274150166,-0.8813369769893351,0.6725662549718937
4.862700307206417,0.37143363615726044,0.8590350371734312
2.7958612543992087,-0.8706893744559787,0.6716234642633732
4.861950283116777,0.38585563841230835,0.8444955442784225
2.865361318321411,-0.8791915713361842,0.6731575123169166
4.8658608249726925,0.44678813115019744,0.797288702926316
2.944890035577565,-0.8774224486066646,0.6855844668138602
4.852748893674168,0.5798218552689036,0.7574427746462552
3.028073806823316,-0.8510404352508387,0.6800786990281779
4.8185955154825315,0.773667129762216,0.7068991950981761
3.1638883567972482,-0.8068459358215394,0.6609193524764159
4.8186474298237245,1.0058961753433135,0.6644476163763461
3.2684187086774745,-0.7946425365179624,0.6538530505591313
4.7472273847323905,1.223759850210394,0.6921506336941283
3.4160555819993226,-0.7786770942691779,0.6445276408191505
4.712335459816622,1.4711381546179259,0.6735073620225429
3.555427670585485,-0.7398398944569573,0.6422548508002907
4.658301446972872,1.779475996142574,0.6778761468142727
0.963040555256139,-0.9916894686194828,0.6487229470078197
3.7555141330953448,-0.7001328943003182,0.6425711943184662
1.3396965520566326,-0.9880806789031968,0.636871327077887
1.7700381748021645,1.1718416130394373,0.6612895749427535
3.9545452360174567,-0.6972586908374647,0.6655267376492263
1.618285823868937,-0.9944492962036251,0.62921278400123
1.0514008851925736,1.551451319902182,0.6757698879190914
4.2692901242714445,-0.650102138704648,0.6522706556612352
1.9624776384956495,-0.8747732973115732,0.6557385021284647
4.711928372665138,-0.6702878857346315,0.711417209058665
2.1691207499409995,-0.844767658998488,0.6656001539611773
4.843871635601735,-0.45531270093991294,0.6972314384461746
2.296402644338021,-0.8066545238756364,0.6803298998760549
4.893903752460904,-0.23520645756346037,0.6931164914233859
2.4457298450438967,-0.7767029082979169,0.6529404676713247
4.869218013719678,-0.08791023475820176,0.6933210607337389
2.5276790603495445,-0.7457478530096235,0.6461405789261926
4.872299476374402,-0.006564859811897417,0.6852212946630467
2.5751453495229897,-0.7591340786725442,0.6433108149115303
4.872022485123352,0.11841190045578376,0.6551387687840313
2.646300455043155,-0.7708868887313434,0.6497435518285072
4.8683983218529185,0.25248278759742204,0.6434519881591035
2.718565935719765,-0.7840416991603545,0.6532346199400927
4.872139485139133,0.35443228902366886,0.5776968940896484
2.7672224357679873,-0.7707136808938826,0.6560535252382744
4.851955392869307,0.4120370075439611,0.4598608843700617
2.7902004507410236,-0.7866261367884517,0.6458265398786311
4.849807193940395,0.4508735877221234,0.46854918462659456
2.7965173720581604,-0.8058958152095952,0.6464946122426831
4.866032618132943,0.4836827171611049,0.5119510687308167
2.7950289008337443,-0.7950416199876325,0.6491541026492456
4.8631739515387515,0.5221381238631728,0.5792406154511984
2.7923982753973906,-0.7723640234465956,0.6516580837284817
4.858496310984814,0.5548216522678497,0.637390552023823
2.7852922594593665,-0.768764987653604,0.6559746140100946
4.860043488684047,0.5871763620966923,0.6759035814030564
2.7783492042124407,-0.7594066175306515,0.6571103651750932
4.844121991909358,0.6174688967648149,0.6933969914433122
2.77105776501108,-0.7531666617840498,0.6574403954407916
4.869136766108242,0.6416372539208319,0.6951270105335573
2.763198434108697,-0.7532278081880723,0.6569275298708783
4.873920642186704,0.6589885306560148,0.6810260634266115
2.7499596773588557,-0.7574814788927211,0.6536850331504971
4.871496853273589,0.6837086114668088,0.6640925460832111
2.74161655684826,-0.7565674051596103,0.6514071674964986
4.868405631267883,0.7060452408797651,0.6526550615465871
2.726169290274501,-0.7452117469865378,0.6484580987740857
4.8618693227935985,0.7340151938960287,0.6540918253176792
2.7182814235842123,-0.7466615326033081,0.6463879323864653
4.872656463579746,0.7565172439014525,0.6551120642412409
2.7110681608499747,-0.7494195671835457,0.6482323461529906
4.870503107311227,0.7824453911879792,0.6505713414377502
2.70088590625148,-0.7542943386366034,0.6464236138264638
4.870580537968412,0.8108012404671541,0.6527060912239068
2.6982719077134143,-0.7443805628429716,0.6481482877266025
4.867142550784434,0.8485260066045976,0.6532027979740103
2.6935010686140943,-0.7395710228850869,0.6516115989406872
4.867210748215408,0.8839655255565758,0.6620302204912222
2.694431422290411,-0.7360620755820442,0.6493191079527963
4.863586636467935,0.922675776179501,0.664537466346479
2.691606139932893,-0.7291506003841821,0.6520737445955384
4.869128118014919,0.9481045349111614,0.6634586386268992
2.686765766334705,-0.7242369057820763,0.6499800738341462
4.857287025661458,0.9632227695289973,0.6586525420283875
2.6694099781149196,-0.7187205621516708,0.6522765061145218
4.862507994413992,0.9827507549282527,0.6456069205040903
2.660090109305103,-0.7200886703549172,0.6479201549869138
4.849539089086573,1.0115621392456113,0.6378622457080766
2.6552650350203946,-0.7251028070195162,0.6465938014641917
4.857501200804345,1.0569248388139294,0.644647986579186
2.660911036588654,-0.7240995875672036,0.6459298230119722
4.86262174340936,1.0998993870152904,0.6581928953011152
2.6641415744030215,-0.7044146365908446,0.6572705590807154
4.8570570146510486,1.133259391339564,0.6588846860372515
2.6614344605094957,-0.7010127197401206,0.6547106879300236
4.8675766839071795,1.1528839368628083,0.665844351534114
2.646576320136157,-0.7040004313571513,0.6421203723284613
4.860404522996587,1.1683976876390698,0.6615838988159726
2.6306582614168557,-0.704821092766335,0.6349754470064508
4.86263400881909,1.2038999423376378,0.6607346476853717
2.6270561779558737,-0.6931159165525398,0.6252579895552962
4.8508086309514935,1.2268448238697731,0.6669578201173335
2.6197638331002104,-0.6966519313932902,0.6342111794774903
4.852158896806726,1.251333867736445,0.6640744625983783
2.6152878408364657,-0.7098629810247756,0.6371523643973086
4.849281810439695,1.2778259313835314,0.6519770169293588
2.615411165264999,-0.6955816352369424,0.6381742406924051
4.853179542666781,1.310477721665419,0.6461372570175713
2.6084337359981324,-0.6975895728905896,0.646074185383302
4.838949966716875,1.3406279170732867,0.6462606955897932
2.6112515489635184,-0.6782907209717277,0.6483325289939206
4.840815746117219,1.3684726635505335,0.6452866180806363
2.6142626229226233,-0.6953437522914137,0.6535323014173395
4.831426072524988,1.39286814831529,0.6454150147834863
2.6131968945606903,-0.6863327231249268,0.6523468421094256
4.828889020656797,1.4176898281377173,0.6446540535852041
2.6139405096923425,-0.6915597419065369,0.6505145181121758
4.841442476419092,1.4507853643156963,0.6402308029931569
2.61772429423485,-0.6811676242502158,0.6574034780347509
4.84446905262482,1.4848279880273334,0.640370431002455
2.62651381612083,-0.671949788973548,0.6548338157954006
4.839430885708023,1.522923553151371,0.6430904412205232
2.630992798695496,-0.6899295154085614,0.6584694137916639
4.83322954015091,1.5543792542150547,0.6562441946382939
2.640239644158778,-0.6839040866564212,0.6582447079835985
4.829549934535975,1.5991502947676994,0.6528220026836714
2.65694466128616,-0.6795344223547968,0.6656003671902965
4.829352894028553,1.6432116035074937,0.6587446572306921
2.669720998837934,-0.6752604919308594,0.6691954920810872
4.82307155006961,1.688140677547001,0.6625963869616565
2.676288909976592,-0.6562527958057154,0.6686410785533781
4.831634429109599,1.7262692957862247,0.6639417920700791
2.686439884688661,-0.6555771592145789,0.6661398336416545
4.8230462007477675,1.7610279642939402,0.6598181207418554
2.6980581375877524,-0.6762997550048784,0.6727919468955991
4.816002169485984,1.7978920093278536,0.6589306616450754
2.6933789118507883,-0.6424537856903929,0.6750212453172898
4.81270309088379,1.819537966500756,0.6565539210223063
2.6850260122939993,-0.6599750892907954,0.6662108047253518
4.83664058979867,1.8399269173184238,0.6614699999576042
2.672105520248618,-0.6421263869818388,0.6585842937875342
4.81392052720238,1.8524479241879486,0.6578057495992281
2.6528434085536845,-0.6560784231863135,0.6563051556517112
4.821802500147054,1.8676593282726437,0.656867088475668
2.637607349309675,-0.6637474406105071,0.6491655619358678
4.825332528446763,1.873805132724668,0.6540755251809687
2.6132215019919487,-0.653330724721533,0.6433907394233771
4.827821767207406,1.8883590757962654,0.6510568815690786
2.5928621822013125,-0.6485157510839574,0.6430715117699364
4.83436669869456,1.9014306961792922,0.6537489846573525
4.816698595050031,1.9258835944426793,0.6499601049727024
4.826098159978754,1.9548715799487901,0.6533573573863866
4.825805650486872,1.9760255149307282,0.6567295916528725
4.8230931256777385,1.999989990396977,0.6582214676595648
4.8151235294782015,2.0293420709875356,0.6451567007845266
4.812175282866043,2.061370690849891,0.6545632157370161
4.817865777930026,2.1021596936460494,0.6574981993215727
4.807769238019773,2.1454307432660014,0.6635155575439406
4.813375233203409,2.1929611420025834,0.6617241105763396
4.801705304880066,2.232671407708879,0.6681636939974329
4.7991990647962375,2.2681628831876988,0.6614595569755142
4.794669753392785,2.2963030964274735,0.6601886005772432
4.7980726801473805,2.3241339792376734,0.6617429807309536
4.80015863867091,2.347326159649518,0.6544732117251781
4.802838713676179,2.3744605066635733,0.6552200736572178
4.799633120878731,2.406806180977366,0.6580333009228775
4.800707976632751,2.4371509766433017,0.6640379469375556
4.7952886736004015,2.464672587080595,0.6628933761547162
4.795874156268793,2.4958787827401228,0.6583523068184327
4.797649907704413,2.5295639001124677,0.6561583607865697
4.779903485017451,2.558289170048436,0.6593454730730637
4.793491258250585,2.588136476377453,0.656045363461617
4.786267077296687,2.610744719948919,0.6534863520733114
2.523621698416346,5.06591580542896,0.6397812269665576
4.795318366414701,2.642558614736239,0.6454560452604279
2.5225712470179174,5.08646848731294,0.6312762710818701
4.801745246021509,2.6833983823535026,0.6554400424333204
2.5197118519613397,5.087562270166702,0.6381892763880744
4.784181140243619,2.7106409281632873,0.6576506449769547
2.524713179856642,5.08729802481051,0.6431048228581616
4.792975439974624,2.735366552400259,0.6503553097842654
2.5298895542301816,5.0948725712486,0.6477822254982922
4.779255274411104,2.7712914036076866,0.6565453067016775
2.533928391594187,5.103401724105895,0.6515812030155366
4.778180557532206,2.798663015753749,0.6490889199120903
2.537750770734764,5.103362450862303,0.6507872252685081
4.78274177873428,2.827735774850994,0.653768225907483
2.538548462385616,5.1002289544607216,0.6345040756990172
4.780309085688939,2.8637777806347344,0.6469575970213276
2.5364238202574523,5.115522291389947,0.636829721467626
4.769119279859325,2.8998533785145764,0.6462299767962325
2.5360336564224406,5.113961068447743,0.633551815323959
4.769547829815503,2.9170731653140627,0.6633940895249429
2.5386923715419796,5.101962214497348,0.6456806186570865
4.779222754344749,2.9636766852120515,0.7013660684142902
2.5323573662829615,5.106900611419817,0.6446286904300941
4.748823699039397,3.0738695059401926,0.8511421375024106
2.452986249551166,5.117592120845289,0.6307509424585694
4.756046990608839,3.2416447120607694,0.8310914484539942
2.3200229279392537,5.111431922703117,0.6081731831344448
4.728819281276445,3.4355216828856414,0.7934522869314944
2.1468610855497596,5.076505041019203,0.5853862064462331
4.735063718621328,3.6505147534254707,0.7324323350453825
1.9684164028308975,5.0404627788091005,0.5807348836437405
4.698798504353767,3.8817498267698554,0.6674720961857383
1.7291335454882453,5.023206123421632,0.5915803646186536
4.664734468330314,4.127601161401418,0.631282267496337
1.4852295055813605,4.967561832971853,0.6129448175721728
1.1806069932455832,4.93363394446471,0.6531574870419656
3.4037203169343577,5.216788656042141,0.6664157469150747
3.123765044854484,5.197058869178937,0.6378499657907807
4.834223619750768,2.3669974052703058,0.728451147146791
2.8625239647432834,5.156611123818493,0.6119507849967654
4.795612569925314,2.6185191487741166,0.7039212733651881
2.645219278905174,5.122856045925615,0.6444794698567217
4.750153693912324,2.845000549729268,0.6236121037890555
2.5163701036387525,5.104959653843735,0.6787435858339975
4.711917182321009,2.9801221177487474,0.465763609095349
2.4229492807081043,5.10505611681609,0.6982370662191371
4.696268411042137,3.0625284697729818,0.46922627450428417
2.37617904485482,5.074495770363603,0.7038100006961846
4.698441586657758,3.0703575062074293,0.5048464234162251
2.32407573008867,5.078817624479205,0.7091375072572971
4.6820633284991064,3.0919990952938603,0.5530490136763618
2.2825704469229313,5.0858051847021954,0.6987017356651332
4.679400468249767,3.0999795122648544,0.6136591136736717
2.248714125488171,5.079467849375172,0.6832870831821394
4.665018192954561,3.0995387717961806,0.6588841878091799
2.2276911616785084,5.077638291445379,0.6720083940929015
4.670013765557549,3.0881800566733157,0.6802685804787575
2.205385485664582,5.075102452621481,0.6621922131993315
4.657028019948409,3.0686351176933484,0.6869857195421816
2.186360532528792,5.0638403690319835,0.6627141646833451
4.66808925871351,3.0515664065045756,0.6777151434452529
2.171015609610174,5.0755457833741495,0.6579134999514467
4.669703934064945,3.0304838313221603,0.6656121688439259
2.153593904397109,5.070132452289762,0.660799852371048
4.670577757083417,3.024019124274918,0.6550089770996126
2.1221505817331665,5.0612053244118425,0.6680690330669251
4.667913192399581,3.015539116998043,0.6426230514948732
2.0997129497133153,5.0585222547549655,0.6726822368556813
4.666659244627631,3.003160854935108,0.637238829059362
2.082930719446318,5.066433570806305,0.6761515524144732
4.65732821077687,2.981268814082784,0.634026809696025
2.0534261748375413,5.0596215906289626,0.6742546049030477
2.023231955849076,5.073397543565348,0.6770439093264157
1.9944283589034433,5.052932243385198,0.6739748327195989
1.964964532963846,5.057619094062494,0.6722389860777249
1.933333047993598,5.057814797437185,0.6704245685624245
1.8990024762732798,5.063506986910488,0.6698949026057857
1.8702347946502917,5.0686232223409275,0.6672371894664179
1.83890882163006,5.053173795091949,0.6627645967138978
1.8143264636069423,5.052666597945933,0.66316367201414
1.7873086548212733,5.061606192414681,0.6576861362879861
1.7628167474012852,5.047747244536138,0.654816100287215
1.7380029839387816,5.051891491998473,0.6630489981974154
1.7066553510968472,5.039390365683791,0.6626176797563639
1.6820609675917504,5.041794607611344,0.6611212637168427
1.6712132518485483,5.050133059312388,0.6644595332052853
1.6361669124855591,5.062115757062131,0.6602596633686546
1.6094972889657522,5.033221834214195,0.6498104053854811
1.584143232182517,5.035756079535702,0.6599630102263455
1.551016037658957,5.035505840305241,0.6562084687701518
1.5240707654339711,5.0303026431858715,0.6568552734637704
1.4922679993104901,5.035465294391873,0.6549457328385777
1.4455134410882329,5.032518454396905,0.6571231986141034
1.4127138110167077,5.02016403324895,0.6617323914418558
1.3810502168674446,5.0367678547824095,0.6564378097243608
1.350318415092576,5.034314480267757,0.653196527156949
1.3161716020472192,5.022994096886412,0.6423564860932747
1.285462265542962,5.018886090893762,0.6399696100552075
1.2622883926304171,5.029816892130512,0.639844405121379
1.2382581696967916,5.013992160454096,0.6432630339967529
1.213748887309151,5.026339434316349,0.6466421325359981
1.1852089405916226,5.026375894603696,0.6497687698945448
1.169843347944081,5.017386641852982,0.6490673584851417
1.1430677678593781,5.016972727708566,0.6494949958510693
1.108521818911067,5.015935399372088,0.6513720261098112
1.0709478279350972,5.011896701623975,0.6505735179541821
1.0363012014602175,5.014109934616021,0.6490049819209607
-1.4065544834372434,2.718732053053609,0.6309915536462101
1.0190565699352023,5.011004246614879,0.6464297907078727
-1.4264986082298536,2.726641549280726,0.6310370138851851
0.9902043660784173,5.00903356847963,0.639055765489618
-1.3959821489507056,2.7369024289788806,0.6390356609110197
0.9595077110836795,5.005758065612875,0.6392986141522687
-1.4256326001650605,2.7417158181361927,0.6420184113863842
0.9314611509330208,5.015977650903828,0.6412299211934066
-1.443228127706794,2.7406199920417285,0.6406347987682136
0.892063767086273,5.003609752082745,0.6444710584695137
-1.410775152906862,2.737070411143091,0.6419561951156725
0.8550345636924427,4.994515726629446,0.6459389275897314
-1.4440376502720405,2.7309631711463784,0.6412716433127374
0.8347019446788847,4.999095382042274,0.6470214338888174
-1.4326734297640025,2.7325169985946367,0.6464357224631619
0.8064425466619874,4.992350795192145,0.6448539399419161
-1.4357944389688164,2.7359673845829313,0.6571504677776993
0.766229586944474,4.997093515757552,0.6438435091548184
-1.4409132139960175,2.7373730002631316,0.6593627910387596
0.7273671821033401,4.987391996201989,0.6419969416290946
-1.468308152666706,2.7351985253355564,0.6537610424897651
0.6877758407988871,4.988235337711375,0.6399126901076815
-1.4726422087469753,2.7336136927585453,0.6416703324623099
0.6577108245212118,4.98194031408457,0.6353713946467671
-1.4735612323763396,2.730849877108979,0.6364956920826188
0.6271438321647289,4.976358012106942,0.6421960985770481
-1.4791342861034575,2.737616507525453,0.6459329647552434
0.600627581885036,4.975511327722714,0.6431866607246486
-1.4785429045724214,2.7373905924835142,0.6489886204455211
0.5754248255328588,4.960247549476221,0.6393086726383351
-1.4619405210442231,2.7332307744912576,0.6458453768858229
0.5455153830204479,4.974578259577008,0.6449384609066909
-1.4799445079953708,2.7391150468983905,0.6507224601097904
0.5165302171063793,4.9669015900166045,0.6428955683752391
-1.484761002685592,2.7444154818454014,0.6533336031320792
0.4940599037944606,4.984570122555539,0.6454282920104242
-1.4929672265842955,2.753190258562455,0.6520679987036604
0.46069747195263616,4.960221384001603,0.649712048818201
-1.487574834257379,2.7534609060075743,0.6562857554345412
0.4305824312302129,4.972828907181515,0.6535581338258831
-1.4984500165230432,2.7574837147219626,0.6547803291588167
0.4007909384787616,4.965720383550208,0.652151917306039
-1.4986932659042749,2.763030838128571,0.6514281842300887
0.37082612080565314,4.967809795961195,0.6474991912535923
-1.5065283893096746,2.7654006884538282,0.6506876890570892
0.335694157107146,4.967914065702128,0.6469091109070598
-1.5111788584888266,2.761842632212677,0.6514801726262357
0.3022762811227343,4.948336102236475,0.6441798678887503
-1.5095460938683058,2.760444500199643,0.6443184988178758
0.2644291977670115,4.953892522614025,0.6406285175985953
-1.5193090964514824,2.7625892363627225,0.6502516876967728
0.23301006183328654,4.946689353390356,0.6397248484093299
-1.5176265213013065,2.756133333905093,0.6489378439980905
0.1953600574132791,4.952238616784946,0.6412145305202473
-1.5202094513584334,2.7571695398928613,0.6526166463289655
0.16113545222675876,4.94444699129542,0.6422128653632017
-1.5304236656618035,2.7547329742227125,0.6520756298526355
0.1254461438400068,4.933674839626182,0.641065966302538
-1.5288808870401827,2.750172940442691,0.6531709719294091
0.10392159566842796,4.936531137274127,0.6471799996746077
-1.5262402817682894,2.754361503929291,0.6526521710590713
0.07286012712569703,4.931035351017604,0.6492234181500306
-1.5286487278139838,2.755816821875802,0.6587490692024046
0.04570591118394038,4.93803220437481,0.6497824887400936
-1.5487217234966486,2.765994823219923,0.6545921282985754
0.0345052186797113,4.930863977033481,0.647785898458722
-1.5373933909111654,2.771128449448075,0.6504714247862456
0.01171904435782143,4.926181246354394,0.6477400368899453
-1.5435605543077224,2.776326578532615,0.6526672287529738
-0.020755993759035384,4.924023336199762,0.6542415340023434
-1.5542271854098493,2.7824541956946716,0.6436245281476645
-0.041171777236374205,4.925026843270842,0.6490574771981382
-1.5545336283016629,2.7927519995935843,0.6454659926350734
-0.06800710117152609,4.920243452262527,0.6469367314034479
-1.5571113347905126,2.7947766821605557,0.6293699841147149
-0.16884389314141995,4.931608272916318,0.6206309907090689
-1.5550311833895818,2.7454466007659852,0.5126359001941804
-0.335687751440406,4.893744127177604,0.6032018709920873
-1.5508639997785818,2.644677827817728,0.5146328777809919
-0.5189095834357011,4.877851043531486,0.5802248814784
-1.5297674297768367,2.5368829159856885,0.5372872487387429
-0.7039656282052509,4.8530675460538415,0.573430351571301
-1.5064108904534408,2.39001018709743,0.5777947056014827
-0.9143626877219756,4.819187142015375,0.6082452833900546
-1.4562673293465536,2.25424714860898,0.6210198522729934
-1.147901737306161,4.773554067674815,0.6437821174585229
-1.413291106753112,2.091336823148438,0.6434136749512738
-1.4189258682823749,4.670533849703739,0.6708665155427753
-1.3750727089252013,1.8500431790600913,0.6463863761122147
-1.6454920173180116,4.539752513188743,0.6972420934409889
-1.3365540644187792,1.6619331071436831,0.6069381209431678
-1.7718729478889426,4.296560816963948,0.6725944375412678
-1.2732744370760867,1.4488125059372237,0.588006719404182
-1.6559263621075107,3.9301320263043467,0.6430261762920654
-1.1729824109999687,1.2191368865889578,0.5838950294388461
-1.6450536024696947,3.641437851722632,0.6685806320409149
-1.1569449468870983,0.8775174859702932,0.6021942469547441
0.09714070855948628,2.6564656836396336,0.6488758572996679
-1.6324828032008492,3.4108192400237014,0.6378205627963653
-1.08588885809401,0.5039920388635513,0.6291210359132404
0.8827243463766307,5.018281366515351,0.6662548134330928
0.4848144522787955,2.5853250804110446,0.6521894302182101
-1.6232406499090544,3.2418166759048836,0.6325305598099789
0.5860503619260365,5.031727804533025,0.6208525189720654
-1.5852738946899971,3.0903487023136793,0.6543890571110574
0.31212709998661436,4.980686642355479,0.5979892535765731
-1.5498983134989759,2.9415906512039043,0.6804661336482429
0.090580981153175,4.957772644390026,0.6020961510680526
-1.5962803641264887,2.7856603073772757,0.6828835981390722
-0.18970291163870417,4.909690242205311,0.6494664452474
-1.5597623187202234,2.700083418111683,0.6800466403617698
-0.28074707287961675,4.87504987527867,0.6159458517100014
-1.550628948831391,2.634657821959197,0.7770177989927369
-0.3531467291337863,4.870674130990869,0.6709404722330649
-1.5325321398075005,2.587678370629686,0.7543270169250923
-0.38510175262494284,4.870529549257856,0.6696393389190097
-1.5297813814720185,2.5417942258780046,0.7401003758629765
-0.3965533265170497,4.86580821037756,0.6885525794651106
-1.5224848002162965,2.4952237802535073,0.6995215989633282
-0.3940371762828318,4.854124834402006,0.6889491453208252
-1.511038802274356,2.4573407022512734,0.6641960484286372
-0.3862110025635808,4.851860938076854,0.6903544356040928
-1.5138886250177406,2.411134739802535,0.6419744530548182
-0.3806412032458627,4.847231663400791,0.6932000314556619
-1.5138409269904007,2.3715273803970245,0.6294080859265234
-0.37665272035457953,4.840612756817789,0.6816133216173643
-1.5050009819750738,2.3449298101750364,0.6269635179526915
-0.3560416313028377,4.846296624039146,0.6710143181967769
-1.4963787947580418,2.321974942687687,0.6324049051538756
-0.3276760155601084,4.842686908788144,0.674106198335235
-1.4945600922683269,2.3044019975576195,0.6387256912915538
-0.2960878176187357,4.84738367097033,0.6771107871404
-1.486577019734108,2.2897249777075306,0.6457077198896278
-0.2630596333818153,4.842315151022456,0.6830522293888035
-1.478455690661541,2.2774148914383057,0.6525599666963541
-0.24213828684034788,4.856187742573097,0.6942476058591625
-1.491257259515156,2.24585802253197,0.6574005062910798
-0.21820418662572494,4.834571675691276,0.6911421060364722
-1.4851080144582074,2.22022258956075,0.6557251646240869
-0.20315945181243728,4.820665234628219,0.6878177252098802
-1.4765577818212245,2.194348917836385,0.6543496719495924
-0.1946822374824284,4.832595448796294,0.6890243125984066
-1.4734533041681541,2.15419018962726,0.6509766802514891
-0.18895191519345705,4.808467365804383,0.6807903306028342
-1.4655241016074831,2.1289090397269383,0.6488898302038023
-1.471979320930383,2.089226926173622,0.6548973092945201
-1.46429967155935,2.0605177985390064,0.6546181159915363
-1.4528928090992494,2.0327904567848547,0.654150992677264
-1.4536564655100648,2.0006535768524425,0.6539946975663384
-1.4537708001327374,1.969402334368107,0.6521219660782274
-1.450375479080274,1.9416964315695964,0.6523762454367646
-1.439976428430014,1.9087414297785041,0.6533288310809238
-1.4451414600580055,1.89747722859281,0.6575196275228732
-1.4379953117677016,1.8737612932234058,0.6628861099937925
-1.4303685527158045,1.8554027127235035,0.6533532972822363
-1.4298921674992895,1.823180156521391,0.6527702997068419
-1.4266697286316863,1.7992938389182753,0.6479003986248852
-1.4267300874246076,1.7811199239869255,0.6491021484677859
-1.4173892379963218,1.7499534175646516,0.6520855501186403
-1.4126335998505597,1.716770615752557,0.6489932933558187
-1.4122347876007864,1.6750313395335523,0.6483130680984954
-1.413826557578596,1.6373706205182879,0.6537171248964867
-1.40434182450453,1.5957390166330565,0.6568868648648793
-1.4121285979012896,1.5606910121878705,0.6559956639313481
-1.400445730368137,1.5287081798470252,0.655425875292268
-1.3928454634892842,1.5001709362796019,0.6514682480785794
-1.3886136377604212,1.473398678243696,0.6490721815784589
-1.3877806135614106,1.4457705258049849,0.6464363719580867
-1.385635261332324,1.4088097709460579,0.6434428140434957
0.5779275604507846,-0.8517399090343214,0.643007783285582
-1.3901992118474606,1.3899161159992255,0.6416145784521732
0.5760862058298479,-0.8451318642572705,0.6498718286559576
-1.3852857733832282,1.351643055715724,0.6480905788494867
0.5806321792907306,-0.850270306961622,0.6477076726292879
-1.3802158454356002,1.3201835362546768,0.6470035833193623
0.5881668267726219,-0.861044182319711,0.6464600088628385
-1.3673472095518802,1.2778909058500552,0.6428246613314257
0.5994393653071807,-0.8879734841122895,0.6427095648328927
-1.369957265313146,1.2453302108166802,0.6397677315044776
0.5952951565363982,-0.8775272979733773,0.6460856257876857
-1.3704201806350464,1.2148248209445751,0.6400457840678534
0.5878242191424354,-0.8763306815571297,0.6517306074285971
-1.3707935613796303,1.191373975844538,0.6446165329157241
0.5833608897475397,-0.8952014251995175,0.6538619046068593
-1.3597502122047094,1.1712855300304654,0.6477375424696804
0.5824297130759859,-0.8648792350319803,0.6599107653324697
-1.3594279978059856,1.1386495188188663,0.6556607716235708
0.5734334246496349,-0.8547283411028084,0.6563158723188135
-1.362892716317785,1.1004430704669932,0.649442508530932
0.5746753887977403,-0.8741529853916115,0.6499467174903604
-1.3609884247307578,1.0808472242158436,0.6517424080368955
0.5749719277320755,-0.8889479993547873,0.6494422144992722
-1.362639209874332,1.050448309103841,0.6497238428294002
0.5689883586309555,-0.8744175595572345,0.6465107051114073
-1.3565417577577863,1.0116226489686235,0.6507670653112154
0.5697256421638603,-0.904846106669019,0.6469706638829118
-1.3594153211785904,0.9808238091755221,0.6401201851895021
0.5654978060117798,-0.9005725854892059,0.6482478486147003
-1.3394118502194776,0.9515935461765297,0.6390759136140218
0.5617866166306903,-0.9010863198538637,0.6519485066772791
-1.3446467510720244,0.915978161364873,0.642582245461711
0.5589481276480408,-0.9206604556396081,0.65345092701042
-1.334913554816954,0.8904956396292664,0.6444638675359788
0.5540995298576393,-0.9156110371218973,0.6563482321821975
-1.3425513476279824,0.8594984782985904,0.645367590967149
0.5519895810545831,-0.9318086917084105,0.6585316415638257
-1.3330494947008593,0.8313710219873822,0.6465223437221768
0.5494585506249385,-0.927000666103714,0.6597308941087741
-1.3363470031431932,0.8021774760178468,0.6511273189713062
0.5429663991635442,-0.9380485144062178,0.6593515613593932
-1.3311002213968532,0.7716029439087837,0.6559925313831468
0.540933599469359,-0.9387859542619137,0.6620083893832303
-1.3262627126311561,0.7397623537867719,0.6559200643955405
0.5386320973207062,-0.9273420056356405,0.6607576887500889
-1.322750923018356,0.7070316591543039,0.6508334396402805
0.5390216534809362,-0.9323343864944884,0.6560143439078222
-1.3233905981241658,0.6748639335278672,0.6514997190673133
0.5357226574003611,-0.9267335315242733,0.656834798406435
-1.3256660067409705,0.6578784201721555,0.6536762308645887
0.5318903589590249,-0.9281774276784855,0.6547697326740102
-1.3195543034405963,0.6342190321477937,0.6537475591254857
0.5200329802274971,-0.9331003102802273,0.6511582314826827
-1.3181304230639248,0.6068788771841522,0.6580079723212438
0.5133430706003597,-0.9250075072560875,0.652627714729843
-1.3114730236273948,0.584906015963666,0.6568797012835212
0.5094809149816019,-0.9250390531702164,0.6545044828394443
-1.2993373096305065,0.5484805516700566,0.6603331585713991
0.5102435627690336,-0.9248641328660872,0.6570917399298041
-1.307396156054401,0.5093038091226836,0.650291673541418
0.5135569862232018,-0.9396310985324967,0.6579262663660209
-1.3001742230789721,0.47068052973089847,0.6408471393879809
0.5151700508230053,-0.942009519406797,0.6568781181053955
-1.2952524591084702,0.44115541131046326,0.6349514420516437
0.5124344040467814,-0.9504134982501169,0.6549558095823861
-1.295289884382981,0.4133004676812374,0.6393115767772075
0.5072636060265919,-0.9428736279907242,0.6547302810224584
-1.287887646605774,0.38763933635430325,0.6459207077123925
0.4979557600655599,-0.951477723970575,0.6532573006123715
-1.2831214613754507,0.3617970202739616,0.6445641427443366
0.4923973956966755,-0.9466417187496214,0.6515537352693949
-1.2797824812737781,0.3337492506120463,0.6502095408176501
0.486634409934081,-0.9559686833310763,0.6500779313735572
-1.275198309526639,0.30759119513544286,0.6515463477003953
0.48323545322802197,-0.9583752572115061,0.6523485550083999
-1.2754804117081993,0.28158655869651805,0.6553717124609496
0.4795157064345264,-0.954244464482096,0.6548172277771368
-1.2680276262554757,0.2505225954856915,0.656754842675737
0.4775241009237936,-0.9635457987143561,0.6557051065244565
-1.2687345240495347,0.2188996888406073,0.6208252495835634
0.4764415036235906,-0.9691582249960182,0.6624428637056727
-1.2657568931682925,0.18907492271380824,0.5069625701302248
0.4775907963155064,-0.9953337937483941,0.6680737923956459
-1.2541545664522953,0.1600022842732853,0.51286982869214
0.5013457102319925,-1.1148336735591378,0.6724977058905699
-1.2438636194041213,0.08248228288921275,0.5436633222682647
0.5599576650350602,-1.0802238713437466,0.6743085392223633
-1.2250992704320334,-0.023997488433159908,0.5772210540540288
0.6250197205043033,-0.9712491599354705,0.6787690240622433
-1.2083562941718793,-0.16326051778639755,0.6172312879484971
0.717346356747165,-0.9261031798161385,0.6560819408483342
-1.186291354866464,-0.3173278496181917,0.6370738668528892
0.8278458801190351,-0.8701216276839647,0.6450887016445075
-1.1713146311912102,-0.48514081348778504,0.6566832281234158
0.9396077781306823,-0.8397761257303185,0.6322419283769527
-1.1296567665820167,-0.676737566235607,0.6566643101756748
1.0958408177338725,-0.7661182069496255,0.6344696425797628
-1.0507444102865093,-0.8917773607462067,0.6219519567261899
1.2951096447158945,-0.7388484045863626,0.6149172572557372
-0.9114286002379333,-1.0323261241508177,0.5907434127430593
1.4720659168709322,-0.6962354241797739,0.6280787620108469
-0.656579925339422,-1.0442433729841092,0.6035287569388663
1.6942401667185312,-0.6498897999483436,0.6446524023337006
-1.539064876837388,1.7405116426730507,0.6319859731049476
0.8093875896007938,1.0787664650883095,0.6557175878572806
-0.37473905613020553,-0.9519341409287685,0.6196601948327876
2.0197547279419026,-0.613367195435928,0.6539667752465033
-1.4812288628723953,1.4285287249604157,0.629801777464828
-0.1898327544244509,-0.9459144383599649,0.6198409090753647
2.30074698631224,-0.5144541344303245,0.6638472854871978
-1.4113160054247191,1.14176628458598,0.6220469384753043
-0.0011702545743822457,-0.8978141947945397,0.6273652228669436
2.7507866054230647,-0.41805869447722876,0.675293300527926
-1.406772286315044,0.9202181905607605,0.6192304723580618
0.12831052641233298,-0.899409132408983,0.6345092565619515
-1.345051547036216,0.7107718573230435,0.625002373319565
0.21788976900285598,-0.8350325339032842,0.632676799192713
-1.3185417688964391,0.6176319397813952,0.632913954881459
0.26852219894438656,-0.8275722953185902,0.6383085169429319
-1.3099779086279293,0.5295981135971202,0.6488390229968178
0.3429639241438882,-0.8174650640175549,0.6421344478950031
-1.296678814932653,0.4217633978058124,0.6630750209642542
0.3896486846123412,-0.7930019071403147,0.6487259645458732
-1.3147857839956105,0.32417315822724624,0.6521923087462206
0.49213043123117917,-0.7891160705358673,0.62084127885079
-1.2765132306038518,0.16869579235900528,0.6776658575876869
0.5623832178235704,-0.7469890853759558,0.6386814672070364
-1.2470203222551899,0.12805966358771853,0.7010394345212319
0.585963826458891,-0.7292224692630673,0.5982329719340908
-1.251948689090266,0.07032349682979921,0.7980049251517396
0.6247051708726256,-0.7193555818916917,0.6022431657995144
-1.257540231754087,0.03370063662524714,0.789794694835067
0.6626302836612252,-0.7214042446752802,0.6117223202278121
-1.231164464022135,0.021018673465402704,0.7628833742939614
0.7040408776170293,-0.7310946025316201,0.6310043652092036
-1.2327407012924583,0.009991622292953306,0.7212779658471213
0.7495994959265185,-0.7186267670763025,0.6529920139800718
-1.219093541772905,0.0022500059257556937,0.6779199392839392
0.7891507165816368,-0.7110295174893373,0.6637698193385707
-1.2230776154035827,-0.004206999422424695,0.6466798249110982
0.8280981872182231,-0.7037471274964473,0.6691072409208604
-1.2268704106457675,-0.006619744051531373,0.6311273377594637
0.8656319604989975,-0.7120401998550814,0.6687596831131433
-1.2293993135577495,-0.0028744874896146633,0.6248056943368868
0.8940246473309492,-0.7027580092252934,0.672605747967326
-1.2237089462170796,0.0032429618779317715,0.5909230964466073
0.9256616496193131,-0.711059078322452,0.6839617023496771
-1.2060110347977424,0.00460715960350655,0.46698842656878714
0.9312106865971815,-0.6960442919282486,0.6799258749261069
-1.2392791037254145,0.010590092194636136,0.47831506846810545
0.9410678352154743,-0.7074963599383637,0.6669278007355146
-1.2428227510990484,0.01535151867141843,0.5183517212470999
0.9354910276896147,-0.7038197896773111,0.6593810681213977
-1.253560784550749,0.016441611516258392,0.5783830602579016
0.9342856601673669,-0.7067924205425158,0.6494318519952398
-1.2546524163669006,0.023502870432329903,0.6276399939187304
0.9234645844970845,-0.707103764551086,0.6444781697289071
-1.2600068562871152,0.027483792956208175,0.650690064386691
0.9239617870219421,-0.7031406644815397,0.6442027160354384
-1.2521857150502622,0.03399256203239248,0.6762441828256175
0.9259119379316465,-0.7061747022207263,0.6445491712096927
-1.2431180112531524,0.04118119116641583,0.6638688026475662
0.9267496280758125,-0.7045952495906249,0.637986410987741
-1.2475297303415476,0.04439726599219118,0.6547638709003478
0.9307821145113988,-0.694476314896129,0.6404032872046638
-1.24670381639573,0.051384273009640546,0.6507475663179693
0.9430569659112708,-0.7054217356643855,0.6438734047228457
-1.2487300092358375,0.04644944616236296,0.6479454452356795
0.9501218182115427,-0.7022145527209938,0.6475775407656932
-1.2667413568966321,0.04505913039029985,0.6386497538851797
0.9599259216815083,-0.7073106549900912,0.6479400176355811
-1.2427216719267742,0.04823806075203568,0.6322328055320375
0.9696117077229504,-0.6972248220130801,0.6495910871912068
-1.258757649262012,0.03646518365178958,0.6324451127975694
0.9810682717749364,-0.7098705621947674,0.6526670478788554
-1.2520726735204608,0.03615444366015874,0.6349693337796415
0.9893246130753739,-0.704401888985694,0.6533229639487195
-1.236073784544873,0.042102444432342956,0.6386856125035095
0.9884436592627627,-0.7020546175360474,0.6577210318815732
-1.2503314918057664,0.04324818792649299,0.6405585399951632
