0 0 0 0 0 0 0 0 0 0 0 0 0
1655375874.99285 0.998482 0.053457 0.013238 0.007394 -0.052341 0.995903 -0.073742 0.291488 -0.017125 0.072938 0.997189 0.049774
1655375875.07696 0.99601 0.086055 -0.023629 0.010487 -0.087703 0.992849 -0.080992 0.297499 0.01649 0.082741 0.996435 0.070379
1655375875.17729 0.990187 0.137391 -0.025569 0.025817 -0.137124 0.990482 0.011923 0.318244 0.026964 -0.0083 0.999602 0.133854
1655375875.27736 0.988931 0.143054 0.039372 0.048835 -0.146146 0.984971 0.092055 0.336238 -0.025611 -0.09679 0.994975 0.208558
1655375875.38682 0.988496 0.143174 0.048748 0.06196 -0.147046 0.985186 0.08824 0.341591 -0.035392 -0.094393 0.994906 0.254822
1655375875.4776 0.989923 0.128497 0.059501 0.082267 -0.132764 0.988354 0.074367 0.341516 -0.049253 -0.081517 0.995454 0.339717
1655375875.57682 0.993491 0.100998 0.052679 0.099658 -0.103562 0.993443 0.048442 0.332516 -0.047441 -0.053582 0.997436 0.428933
1655375875.67981 0.995129 0.086524 0.047245 0.107693 -0.088625 0.995077 0.044351 0.325668 -0.043175 -0.048322 0.997898 0.472467
1655375875.78051 0.996755 0.06647 0.045394 0.120613 -0.066522 0.997785 -0.000373 0.311747 -0.045318 -0.002648 0.998969 0.538308
1655375875.87937 0.996708 0.063447 0.050466 0.127249 -0.063581 0.997976 0.001051 0.304137 -0.050297 -0.004256 0.998725 0.569486
1655375875.97842 0.99808 0.048308 0.038752 0.137251 -0.047761 0.998747 -0.014924 0.292983 -0.039424 0.013045 0.999137 0.614217
1655375876.07773 0.9985 0.042476 0.034538 0.147244 -0.042142 0.999058 -0.010339 0.285141 -0.034945 0.008868 0.99935 0.648286
1655375876.17822 0.998619 0.041709 0.031945 0.152442 -0.041313 0.999062 -0.012947 0.28243 -0.032455 0.01161 0.999406 0.66174
1655375876.28426 0.998404 0.035999 0.043505 0.16149 -0.03645 0.999289 0.00962 0.280841 -0.043127 -0.011191 0.999007 0.679855
1655375876.37807 0.998629 0.038413 0.03557 0.170511 -0.038998 0.999113 0.015898 0.280553 -0.034928 -0.017263 0.999241 0.692905
1655375876.478 0.998573 0.039641 0.035797 0.175315 -0.040195 0.999081 0.01491 0.280418 -0.035173 -0.016328 0.999248 0.697611
1655375876.5776 0.998303 0.045159 0.036762 0.183192 -0.045878 0.998767 0.018951 0.280147 -0.035861 -0.020606 0.999144 0.704337
1655375876.67917 0.998109 0.048822 0.037336 0.187538 -0.049592 0.99857 0.019957 0.279882 -0.036308 -0.021771 0.999103 0.708078
1655375876.7775 0.998052 0.0532 -0.032582 0.195717 -0.052758 0.998505 0.01428 0.279256 0.033293 -0.012533 0.999367 0.714239
1655375876.87997 0.99742 0.052704 -0.048749 0.212812 -0.052309 0.998587 0.009344 0.27878 0.049173 -0.00677 0.998767 0.720889
1655375876.97698 0.997356 0.054328 -0.048269 0.227019 -0.053703 0.998457 0.01415 0.278568 0.048964 -0.011521 0.998734 0.724301
1655375877.07731 0.998476 0.049722 -0.023939 0.259719 -0.049291 0.998617 0.018288 0.278479 0.024815 -0.017081 0.999546 0.729384
1655375877.17752 0.998914 0.045316 0.010826 0.301625 -0.045519 0.998777 0.019301 0.278274 -0.009938 -0.019773 0.999755 0.734873
1655375877.27738 0.998601 0.042682 0.031229 0.322218 -0.043313 0.998865 0.019824 0.278103 -0.030347 -0.021149 0.999316 0.736927
1655375877.37756 0.998573 0.037646 0.037875 0.365126 -0.038086 0.999214 0.010963 0.278013 -0.037432 -0.01239 0.999222 0.74113
1655375877.47949 0.998008 0.036778 0.051262 0.384133 -0.037569 0.999188 0.014547 0.278028 -0.050686 -0.016444 0.998579 0.742732
1655375877.57732 0.997864 0.035096 0.055093 0.422688 -0.036062 0.999211 0.016642 0.278106 -0.054465 -0.018593 0.998343 0.744538
1655375877.67772 0.998238 0.038349 0.045286 0.456805 -0.039002 0.999146 0.013614 0.278393 -0.044726 -0.015356 0.998881 0.746556
1655375877.78001 0.998598 0.034536 0.040126 0.472065 -0.034922 0.99935 0.008954 0.27872 -0.03979 -0.010343 0.999155 0.74753
1655375877.87895 0.998805 0.035084 0.034016 0.502568 -0.03569 0.999212 0.017358 0.27974 -0.03338 -0.018552 0.999271 0.748645
1655375877.97723 0.999056 0.035969 0.024343 0.532484 -0.036226 0.999292 0.010187 0.281168 -0.02396 -0.01106 0.999652 0.749094
1655375878.07687 0.999212 0.034329 0.019903 0.546437 -0.034567 0.999333 0.011754 0.281767 -0.019486 -0.012433 0.999733 0.749038
1655375878.17996 0.999074 0.035895 0.02371 0.576921 -0.036237 0.999242 0.014194 0.283211 -0.023182 -0.01504 0.999618 0.74927
1655375878.27897 0.999197 0.032863 0.022919 0.591512 -0.033221 0.999329 0.015399 0.283993 -0.022398 -0.016148 0.999619 0.749766
1655375878.38334 0.999183 0.032382 0.024184 0.622857 -0.032811 0.999307 0.017583 0.285563 -0.023598 -0.018362 0.999553 0.749776
1655375878.47751 0.999 0.036679 0.025565 0.65449 -0.037081 0.999193 0.015422 0.286673 -0.024979 -0.016355 0.999554 0.749027
1655375878.57865 0.998922 0.037098 0.027913 0.669032 -0.037684 0.999074 0.02077 0.287151 -0.027117 -0.021799 0.999395 0.748773
1655375878.67557 0.998786 0.040688 0.027785 0.700337 -0.041151 0.99902 0.016309 0.287543 -0.027094 -0.017433 0.999481 0.74859
1655375878.77573 0.999078 0.03484 0.025099 0.73147 -0.035297 0.999215 0.017979 0.287661 -0.024453 -0.018848 0.999523 0.748679
1655375878.87563 0.999156 0.031105 0.026824 0.74601 -0.031556 0.999365 0.016534 0.2878 -0.026293 -0.017367 0.999503 0.748856
1655375878.97539 0.999316 0.03341 0.015833 0.777343 -0.033716 0.999243 0.019432 0.287009 -0.015172 -0.019952 0.999686 0.748666
1655375879.07772 0.999377 0.031388 0.016163 0.794448 -0.031643 0.999375 0.015778 0.286526 -0.015657 -0.016279 0.999745 0.748401
1655375879.17758 0.999224 0.034255 0.01944 0.824664 -0.03454 0.999298 0.014477 0.285324 -0.018931 -0.015137 0.999706 0.746519
1655375879.27589 0.99903 0.034467 0.027391 0.857799 -0.034969 0.999225 0.018073 0.284358 -0.026746 -0.019013 0.999461 0.743594
1655375879.37655 0.999114 0.033008 0.026105 0.873355 -0.033413 0.999326 0.015202 0.28384 -0.025586 -0.01606 0.999544 0.742407
1655375879.47898 0.999134 0.030378 0.028437 0.906461 -0.03079 0.999426 0.014141 0.282721 -0.027991 -0.015004 0.999496 0.739099
1655375879.57568 0.999017 0.034097 0.028333 0.939024 -0.034421 0.999347 0.011031 0.281776 -0.027939 -0.011995 0.999538 0.736186
1655375879.68297 0.999046 0.036456 0.024039 0.95427 -0.036749 0.999254 0.011873 0.281588 -0.023588 -0.012745 0.999641 0.735145
1655375879.77547 0.999083 0.035692 0.023655 0.986625 -0.036055 0.999236 0.015098 0.281236 -0.023098 -0.015938 0.999606 0.733751
1655375879.875 0.999139 0.035468 0.021533 1.001699 -0.035755 0.999275 0.013063 0.280954 -0.021054 -0.013822 0.999683 0.73367
1655375879.97578 0.998915 0.040716 0.022584 1.034252 -0.041033 0.999063 0.013733 0.280451 -0.022004 -0.014645 0.999651 0.733359
1655375880.07517 0.999128 0.037906 0.017525 1.066586 -0.038189 0.999141 0.016116 0.279594 -0.016899 -0.016771 0.999717 0.732365
1655375880.17541 0.998996 0.035963 0.026717 1.08192 -0.036375 0.999224 0.015127 0.27919 -0.026152 -0.016084 0.999529 0.73197
1655375880.27603 0.999138 0.033357 0.024726 1.114878 -0.03367 0.999357 0.012365 0.278041 -0.024298 -0.013187 0.999618 0.731261
1655375880.37522 0.999161 0.029456 0.028443 1.14786 -0.029883 0.999445 0.01473 0.277718 -0.027993 -0.015568 0.999487 0.73035
1655375880.4744 0.999198 0.030943 0.025402 1.163414 -0.031282 0.999425 0.013058 0.277467 -0.024984 -0.013843 0.999592 0.729728
1655375880.57657 0.999313 0.02867 0.023491 1.196686 -0.029039 0.999457 0.015542 0.277032 -0.023033 -0.016214 0.999603 0.728144
1655375880.67521 0.999232 0.028803 0.026583 1.212397 -0.02922 0.999454 0.015435 0.276763 -0.026124 -0.0162 0.999527 0.727034
1655375880.77453 0.999432 0.024651 0.022969 1.246229 -0.024992 0.99958 0.01465 0.276327 -0.022599 -0.015216 0.999629 0.725291
1655375880.87491 0.999426 0.02366 0.02423 1.280331 -0.024013 0.999608 0.01437 0.275646 -0.023881 -0.014944 0.999603 0.72315
1655375880.97425 0.999369 0.023638 0.026506 1.296203 -0.024001 0.999621 0.013494 0.275475 -0.026177 -0.014122 0.999558 0.722275
1655375881.07468 0.99923 0.026245 0.029173 1.329999 -0.026699 0.999527 0.015276 0.274929 -0.028758 -0.016043 0.999458 0.719257
1655375881.17449 0.999341 0.026418 0.024875 1.361733 -0.026719 0.999573 0.011835 0.274741 -0.024552 -0.012492 0.999621 0.715791
1655375881.27503 0.999328 0.031837 0.018172 1.379708 -0.032138 0.999347 0.016507 0.274766 -0.017635 -0.01708 0.999699 0.713932
1655375881.37477 0.999346 0.031655 0.01749 1.414545 -0.031913 0.999383 0.014668 0.27452 -0.017015 -0.015217 0.999739 0.712059
1655375881.47479 0.999365 0.031348 0.016947 1.430976 -0.031673 0.999312 0.019281 0.274561 -0.016331 -0.019805 0.99967 0.711963
1655375881.57508 0.999284 0.032233 0.019798 1.467148 -0.032602 0.999295 0.01862 0.273882 -0.019184 -0.019252 0.999631 0.711694
1655375881.67444 0.999131 0.034805 0.022912 1.504053 -0.035242 0.9992 0.018931 0.272988 -0.022235 -0.019722 0.999558 0.711424
1655375881.77443 0.998877 0.040712 0.024251 1.521463 -0.041195 0.998956 0.019764 0.272236 -0.023421 -0.020741 0.999511 0.711162
1655375881.87536 0.999079 0.038001 0.019938 1.558828 -0.038344 0.999118 0.017141 0.269986 -0.019269 -0.01789 0.999654 0.710518
1655375881.97434 0.999202 0.032744 0.02287 1.594127 -0.032974 0.999408 0.009771 0.267992 -0.022536 -0.010518 0.999691 0.710245
1655375882.07497 0.999307 0.032264 0.018577 1.614435 -0.032411 0.999445 0.007653 0.266511 -0.018319 -0.008249 0.999798 0.710256
1655375882.1745 0.999182 0.035447 0.019478 1.652457 -0.035619 0.999329 0.008557 0.264647 -0.019161 -0.009244 0.999774 0.709768
1655375882.27451 0.999296 0.03049 0.021838 1.67026 -0.030773 0.999445 0.012739 0.263723 -0.021437 -0.013402 0.99968 0.709306
1655375882.37478 0.999255 0.032423 0.020952 1.708008 -0.032661 0.999405 0.011115 0.261728 -0.02058 -0.011791 0.999719 0.707687
1655375882.47741 0.999397 0.030122 0.017294 1.743094 -0.030251 0.999516 0.00724 0.260094 -0.017068 -0.007759 0.999824 0.70602
1655375882.57768 0.999264 0.030771 0.02289 1.763042 -0.031096 0.999419 0.013981 0.259165 -0.022446 -0.014683 0.99964 0.705163
1655375882.67848 0.999323 0.031341 0.019276 1.80023 -0.031543 0.99945 0.01028 0.25797 -0.018944 -0.010881 0.999761 0.70384
1655375882.77337 0.999138 0.032931 0.025284 1.835176 -0.033364 0.9993 0.016901 0.257007 -0.024709 -0.01773 0.999537 0.703407
1655375882.87468 0.999281 0.032404 0.019689 1.855133 -0.032621 0.99941 0.010778 0.256662 -0.019328 -0.011413 0.999748 0.703429
1655375882.97443 0.999236 0.028762 0.02645 1.889802 -0.029148 0.999473 0.014321 0.256151 -0.026024 -0.015081 0.999548 0.703986
1655375883.08396 0.999257 0.032717 0.020363 1.927192 -0.032947 0.999396 0.011057 0.255333 -0.019989 -0.01172 0.999732 0.704249
1655375883.17435 0.999228 0.029332 0.026134 1.947331 -0.029809 0.999393 0.018044 0.255271 -0.025588 -0.018809 0.999496 0.704121
1655375883.27725 0.99919 0.029412 0.027457 1.981849 -0.029905 0.999396 0.017717 0.254459 -0.026919 -0.018524 0.999466 0.703113
1655375883.37357 0.999281 0.029749 0.023499 2.001579 -0.030091 0.999444 0.01434 0.254398 -0.02306 -0.015037 0.999621 0.702377
1655375883.47352 0.999137 0.02922 0.029537 2.035398 -0.029804 0.999365 0.019511 0.253772 -0.028948 -0.020375 0.999373 0.699942
1655375883.57429 0.99909 0.02432 0.035044 2.070907 -0.025289 0.999303 0.027473 0.252259 -0.034352 -0.028334 0.999008 0.697679
1655375883.67371 0.999253 0.026509 0.028128 2.089414 -0.027114 0.999404 0.021372 0.250855 -0.027544 -0.022119 0.999376 0.6976
1655375883.77415 0.999556 0.023746 0.018023 2.121387 -0.023914 0.999672 0.009181 0.248156 -0.017799 -0.009608 0.999795 0.698154
1655375883.87296 0.99967 0.018529 0.017788 2.139677 -0.01859 0.999822 0.003242 0.246813 -0.017725 -0.003572 0.999837 0.698277
1655375883.97362 0.999636 0.017708 0.020351 2.171702 -0.017912 0.999791 0.009844 0.244612 -0.020172 -0.010205 0.999744 0.697377
1655375884.07313 0.999496 0.021656 0.023197 2.206001 -0.021876 0.999717 0.009296 0.243062 -0.022989 -0.009799 0.999688 0.694596
1655375884.17905 0.99962 0.023646 0.014159 2.222035 -0.023795 0.999663 0.010421 0.242431 -0.013907 -0.010754 0.999845 0.692838
1655375884.28029 0.999504 0.02654 0.016971 2.257062 -0.026763 0.999557 0.013058 0.2412 -0.016617 -0.013506 0.999771 0.689729
1655375884.38528 0.999486 0.026104 0.018619 2.292197 -0.026407 0.999519 0.016252 0.239955 -0.018186 -0.016735 0.999695 0.687061
1655375884.47312 0.99945 0.026001 0.020604 2.308604 -0.026328 0.999529 0.015769 0.239342 -0.020184 -0.016303 0.999663 0.685911
1655375884.59487 0.999646 0.022753 0.013774 2.343855 -0.022923 0.999661 0.012307 0.237353 -0.013489 -0.012618 0.999829 0.684117
1655375884.6732 0.999498 0.021304 0.023436 2.379443 -0.021607 0.999685 0.012748 0.235688 -0.023157 -0.013248 0.999644 0.68337
1655375884.77355 0.999375 0.030211 0.018353 2.396088 -0.030452 0.999452 0.012986 0.235206 -0.017951 -0.013537 0.999747 0.683131
1655375884.87365 0.999507 0.025284 0.018604 2.431348 -0.025562 0.999563 0.014839 0.233837 -0.01822 -0.015307 0.999717 0.682499
1655375884.9726 0.999441 0.025064 0.022109 2.447885 -0.025351 0.999597 0.012794 0.233237 -0.021779 -0.013347 0.999674 0.68184
1655375885.07299 0.999326 0.023528 0.028189 2.482083 -0.024114 0.999496 0.020624 0.232126 -0.027689 -0.02129 0.99939 0.680143
1655375885.17319 0.998268 0.027478 0.052024 2.516308 -0.028083 0.999546 0.010934 0.230335 -0.0517 -0.012376 0.998586 0.678367
1655375885.2723 0.994053 0.034444 0.103307 2.530989 -0.035478 0.999337 0.008189 0.229744 -0.102956 -0.011805 0.994616 0.677822
1655375885.37218 0.994054 0.030135 0.104632 2.553863 -0.032143 0.999329 0.017554 0.227989 -0.104033 -0.020813 0.994356 0.675628
1655375885.47232 0.997087 -0.015258 0.074727 2.564967 0.014035 0.999759 0.016859 0.226228 -0.074966 -0.015761 0.997062 0.673974
1655375885.5727 0.99592 -0.054923 0.071595 2.56721 0.054267 0.998465 0.011075 0.225485 -0.072093 -0.007145 0.997372 0.673389
1655375885.67221 0.986529 -0.158223 0.041538 2.567945 0.157781 0.987379 0.013744 0.225081 -0.043189 -0.007005 0.999042 0.672681
1655375885.77233 0.976896 -0.212256 0.024919 2.567374 0.211649 0.977029 0.024897 0.225187 -0.029631 -0.019047 0.999379 0.672312
1655375885.87278 0.942924 -0.33209 0.024716 2.566319 0.3312 0.942941 0.034202 0.225784 -0.034664 -0.024064 0.999109 0.672842
1655375885.97187 0.890544 -0.454872 0.004858 2.56597 0.454313 0.889889 0.041194 0.22522 -0.023061 -0.034477 0.999139 0.672697
1655375886.0724 0.860466 -0.509503 0.002042 2.566484 0.509047 0.859853 0.039035 0.224905 -0.021644 -0.032549 0.999236 0.67275
1655375886.17437 0.78426 -0.620426 -0.002948 2.569636 0.619758 0.783177 0.050343 0.223139 -0.028925 -0.041309 0.998728 0.67219
1655375886.27256 0.692554 -0.721356 0.003834 2.574533 0.720391 0.691884 0.048296 0.219962 -0.037491 -0.030686 0.998826 0.67112
1655375886.37219 0.645704 -0.763586 -0.001439 2.576518 0.762729 0.644888 0.048626 0.218116 -0.036202 -0.032496 0.998816 0.670197
1655375886.47206 0.538672 -0.841933 0.031341 2.580255 0.840391 0.539581 0.050937 0.213863 -0.059796 -0.001099 0.99821 0.668284
1655375886.57401 0.48433 -0.874502 0.025904 2.580273 0.873353 0.485021 0.044825 0.212003 -0.051763 0.000913 0.998659 0.667251
1655375886.67265 0.374208 -0.927321 0.006571 2.577086 0.925728 0.373965 0.056377 0.207634 -0.054737 -0.015014 0.998388 0.665853
1655375886.77554 0.296299 -0.955095 -0.000768 2.57079 0.953071 0.295618 0.065309 0.201922 -0.06215 -0.020083 0.997865 0.665651
1655375886.87519 0.273236 -0.961916 -0.007757 2.567148 0.960325 0.272298 0.060244 0.198285 -0.055837 -0.02391 0.998154 0.666262
1655375886.97364 0.20603 -0.978477 -0.011562 2.558215 0.977732 0.205362 0.043209 0.189536 -0.039905 -0.020207 0.998999 0.668768
1655375887.07214 0.126544 -0.991738 -0.021031 2.547626 0.991407 0.125737 0.036074 0.181407 -0.033132 -0.025415 0.999128 0.672282
1655375887.17409 0.095299 -0.995322 -0.015908 2.542237 0.995156 0.094871 0.025762 0.178073 -0.024132 -0.018286 0.999542 0.673336
1655375887.27306 0.058996 -0.998037 -0.020994 2.530723 0.996642 0.060084 -0.055637 0.176814 0.056789 -0.017641 0.99823 0.675445
1655375887.37541 0.038114 -0.999018 -0.022606 2.525188 0.997274 0.039458 -0.062346 0.18081 0.063177 -0.020168 0.997799 0.676965
1655375887.47204 0.041174 -0.99882 -0.025768 2.512539 0.9984 0.042129 -0.037713 0.200503 0.038754 -0.024174 0.998956 0.678364
1655375887.57178 0.033295 -0.99909 -0.026671 2.499583 0.999446 0.033282 0.000918 0.231233 -2.9e-05 -0.026687 0.999644 0.680838
1655375887.67451 0.026893 -0.999388 -0.022379 2.493339 0.999527 0.02655 0.015505 0.247636 -0.014902 -0.022785 0.999629 0.681204
1655375887.77191 0.023301 -0.999377 -0.026524 2.480125 0.999135 0.022365 0.035067 0.284449 -0.034452 -0.027318 0.999033 0.680583
1655375887.87434 0.029004 -0.999202 -0.027448 2.467957 0.998313 0.027575 0.051087 0.318039 -0.050289 -0.028883 0.998317 0.678332
1655375887.97396 0.025526 -0.999493 -0.019025 2.461649 0.99849 0.024565 0.049134 0.33603 -0.048642 -0.02025 0.998611 0.677596
1655375888.07277 0.021672 -0.999359 -0.028484 2.449978 0.99917 0.020667 0.035103 0.366402 -0.034492 -0.029221 0.998978 0.675195
1655375888.17332 0.030987 -0.999216 -0.02463 2.443488 0.998672 0.029936 0.041935 0.383272 -0.041165 -0.025897 0.998817 0.673748
1655375888.27297 0.030059 -0.999152 -0.028132 2.43156 0.99921 0.029305 0.02684 0.414118 -0.025993 -0.028916 0.999244 0.672495
1655375888.37705 0.038579 -0.998643 -0.034985 2.421059 0.998845 0.037535 0.030006 0.443329 -0.028653 -0.036102 0.998937 0.672242
1655375888.47962 0.03354 -0.999067 -0.027222 2.415298 0.999056 0.032763 0.028535 0.460115 -0.027616 -0.028153 0.999222 0.672487
1655375888.58056 0.033391 -0.999072 -0.027212 2.405175 0.999143 0.032702 0.02538 0.491978 -0.024466 -0.028036 0.999307 0.673188
1655375888.67095 0.033452 -0.998963 -0.030897 2.400816 0.998914 0.032416 0.033461 0.507071 -0.032425 -0.031983 0.998962 0.673126
1655375888.77177 0.03313 -0.998885 -0.033638 2.392087 0.99907 0.032169 0.028723 0.539833 -0.027609 -0.034558 0.999021 0.672606
1655375888.8712 0.027481 -0.999251 -0.027234 2.384188 0.999284 0.026752 0.026771 0.573023 -0.026023 -0.027951 0.999271 0.671107
1655375888.97152 0.030644 -0.99905 -0.030997 2.380816 0.998908 0.029516 0.036212 0.588853 -0.035263 -0.032073 0.998863 0.670166
1655375889.07024 0.030263 -0.999011 -0.032573 2.373891 0.999009 0.029167 0.033606 0.621594 -0.032622 -0.033558 0.998904 0.668194
1655375889.17275 0.035027 -0.998912 -0.030786 2.367698 0.99895 0.034085 0.030604 0.65199 -0.029521 -0.031826 0.999057 0.666442
1655375889.27189 0.034537 -0.999035 -0.027119 2.36424 0.999062 0.033803 0.027059 0.669339 -0.026116 -0.028028 0.999266 0.666035
1655375889.36986 0.040002 -0.998715 -0.031106 2.358685 0.998975 0.039313 0.022458 0.700282 -0.021206 -0.031973 0.999264 0.66504
1655375889.47124 0.033826 -0.99901 -0.028893 2.352831 0.999098 0.033058 0.026653 0.734311 -0.025671 -0.029769 0.999227 0.664506
1655375889.57104 0.031861 -0.999132 -0.026835 2.349914 0.998964 0.03096 0.033351 0.753021 -0.032491 -0.02787 0.999083 0.664271
1655375889.67015 0.028931 -0.99937 -0.020581 2.344227 0.999092 0.028266 0.031877 0.784912 -0.031275 -0.021484 0.99928 0.663867
1655375889.78635 0.037658 -0.998761 -0.032521 2.337888 0.998687 0.036483 0.035975 0.818671 -0.034744 -0.033833 0.998823 0.662722
1655375889.87074 0.038559 -0.998608 -0.035986 2.334985 0.998768 0.037389 0.032639 0.834287 -0.031248 -0.0372 0.998819 0.662499
1655375889.96999 0.043268 -0.998366 -0.03733 2.329897 0.998624 0.04211 0.031268 0.86667 -0.029645 -0.038632 0.998814 0.663248
1655375890.07025 0.041886 -0.998218 -0.042505 2.327947 0.998529 0.040357 0.036217 0.883892 -0.034437 -0.043959 0.99844 0.664251
1655375890.17106 0.047214 -0.998095 -0.039726 2.325957 0.99807 0.045532 0.042235 0.913108 -0.040345 -0.041643 0.998318 0.66588
1655375890.27022 0.045201 -0.998323 -0.036157 2.325509 0.998656 0.044238 0.027016 0.943926 -0.025371 -0.037329 0.998981 0.666162
1655375890.37399 0.046433 -0.998253 -0.036541 2.325864 0.998577 0.045425 0.027953 0.958548 -0.026245 -0.037786 0.998941 0.665783
1655375890.47104 0.045457 -0.998428 -0.032781 2.327629 0.998586 0.044509 0.029082 0.990655 -0.027577 -0.034057 0.999039 0.663783
1655375890.56985 0.048992 -0.998231 -0.033672 2.328937 0.998501 0.048126 0.026062 1.005937 -0.024395 -0.034898 0.999093 0.662377
1655375890.67027 0.050777 -0.99832 -0.027926 2.332251 0.998389 0.050031 0.026777 1.039355 -0.025335 -0.02924 0.999251 0.659611
1655375890.79164 0.046386 -0.998627 -0.024352 2.335724 0.998592 0.045728 0.026895 1.073483 -0.025744 -0.025565 0.999342 0.657313
1655375890.87017 0.047158 -0.998562 -0.025511 2.33758 0.99867 0.046599 0.022058 1.089606 -0.020837 -0.026517 0.999431 0.656839
1655375890.97368 0.048163 -0.998641 -0.019911 2.341267 0.998564 0.047672 0.024432 1.124281 -0.02345 -0.021059 0.999503 0.657238
1655375891.07039 0.048136 -0.998604 -0.021734 2.344662 0.998447 0.047495 0.029111 1.159828 -0.028038 -0.023101 0.99934 0.659222
1655375891.16977 0.046257 -0.998668 -0.022856 2.346289 0.998433 0.045501 0.032563 1.17648 -0.031479 -0.024326 0.999208 0.66044
1655375891.27383 0.033981 -0.999189 -0.021583 2.349616 0.999075 0.033392 0.027088 1.212144 -0.026345 -0.022484 0.9994 0.662218
1655375891.38637 0.029073 -0.999411 -0.018257 2.352134 0.999047 0.028458 0.033097 1.245595 -0.032558 -0.019201 0.999285 0.662946
1655375891.46882 0.028443 -0.999329 -0.023069 2.353245 0.999179 0.027758 0.029523 1.264362 -0.028863 -0.02389 0.999298 0.662963
1655375891.56966 0.029651 -0.9992 -0.026851 2.354837 0.999033 0.028753 0.033246 1.299338 -0.032448 -0.02781 0.999086 0.662847
1655375891.66923 0.023897 -0.999531 -0.019169 2.355252 0.99932 0.023345 0.028548 1.315836 -0.028087 -0.019838 0.999409 0.662896
1655375891.77409 0.027042 -0.999458 -0.01878 2.355228 0.999182 0.02646 0.030588 1.349821 -0.030074 -0.019591 0.999356 0.662696
1655375891.87252 0.030165 -0.999313 -0.02155 2.35394 0.999025 0.029447 0.032894 1.381336 -0.032237 -0.022521 0.999227 0.663153
1655375891.96958 0.036714 -0.998959 -0.027076 2.352749 0.998766 0.035773 0.034459 1.398864 -0.033454 -0.028308 0.999039 0.664016
1655375892.06912 0.041799 -0.998779 -0.026348 2.34999 0.998821 0.04112 0.025802 1.431825 -0.024687 -0.027396 0.99932 0.66558
1655375892.17208 0.053165 -0.998108 -0.030899 2.347463 0.998234 0.0523 0.028175 1.462224 -0.026505 -0.032342 0.999125 0.666187
1655375892.27271 0.056736 -0.997749 -0.035761 2.345966 0.998076 0.055785 0.027049 1.479594 -0.024993 -0.037227 0.998994 0.665979
1655375892.36932 0.067104 -0.997229 -0.032126 2.344058 0.997524 0.066375 0.023251 1.510221 -0.021054 -0.033607 0.999213 0.664655
1655375892.47446 0.073839 -0.996551 -0.037879 2.343539 0.996866 0.072675 0.031236 1.527985 -0.028376 -0.040066 0.998794 0.663777
1655375892.57536 0.075137 -0.996562 -0.034915 2.343294 0.9969 0.07425 0.026043 1.561277 -0.023361 -0.036763 0.999051 0.661902
1655375892.67891 0.080321 -0.996246 -0.03228 2.343411 0.996262 0.079205 0.03449 1.592985 -0.031804 -0.034929 0.998884 0.660015
1655375892.76924 0.081048 -0.99624 -0.030624 2.343582 0.996349 0.080153 0.029402 1.611463 -0.026837 -0.032895 0.999098 0.65935
1655375892.8683 0.084232 -0.995837 -0.034841 2.344518 0.99608 0.083202 0.030019 1.643408 -0.026995 -0.037233 0.998942 0.658712
1655375892.96903 0.085268 -0.99596 -0.028145 2.345822 0.996137 0.084621 0.023451 1.678257 -0.020975 -0.030036 0.999329 0.658139
1655375893.06821 0.086067 -0.995603 -0.036969 2.347051 0.995796 0.084797 0.034637 1.696843 -0.03135 -0.039794 0.998716 0.657878
1655375893.16892 0.080687 -0.996214 -0.032348 2.349521 0.996446 0.079833 0.026872 1.730186 -0.024188 -0.034402 0.999115 0.658857
1655375893.26832 0.078108 -0.996324 -0.035186 2.35126 0.996559 0.077046 0.030576 1.749359 -0.027752 -0.037453 0.998913 0.659854
1655375893.36798 0.073022 -0.996955 -0.027368 2.35534 0.996924 0.072181 0.030551 1.784667 -0.028482 -0.029515 0.999158 0.660133
1655375893.46942 0.068588 -0.997276 -0.02715 2.359084 0.997086 0.067612 0.035341 1.817693 -0.033409 -0.029494 0.999006 0.659935
1655375893.5698 0.070122 -0.997239 -0.02445 2.361023 0.997 0.069257 0.034565 1.833875 -0.032776 -0.0268 0.999103 0.659693
1655375893.66838 0.070706 -0.997269 -0.021344 2.364329 0.997081 0.070043 0.030377 1.868721 -0.028799 -0.023429 0.999311 0.65928
1655375893.76806 0.069424 -0.997252 -0.025844 2.367464 0.997203 0.068654 0.029551 1.9033 -0.027696 -0.027824 0.999229 0.659112
1655375893.86822 0.073652 -0.996902 -0.027589 2.368867 0.996753 0.072682 0.034655 1.919489 -0.032543 -0.030051 0.999018 0.659206
1655375893.96916 0.076894 -0.996733 -0.024724 2.371844 0.996784 0.07629 0.024527 1.954359 -0.022561 -0.02653 0.999393 0.660225
1655375894.069 0.077654 -0.996562 -0.028873 2.373469 0.996615 0.076808 0.029319 1.970626 -0.027 -0.031052 0.999153 0.660517
1655375894.1674 0.079821 -0.996473 -0.025884 2.377018 0.996406 0.079024 0.030489 2.005696 -0.028336 -0.028224 0.9992 0.661161
1655375894.26846 0.0814 -0.996448 -0.021589 2.380542 0.996274 0.080728 0.030366 2.040834 -0.028516 -0.02398 0.999306 0.660373
1655375894.36761 0.080731 -0.996236 -0.031551 2.382601 0.996371 0.079804 0.029611 2.056696 -0.026981 -0.033827 0.999063 0.65974
1655375894.47529 0.081602 -0.996259 -0.028462 2.386462 0.996135 0.080594 0.034932 2.09193 -0.032508 -0.031202 0.998984 0.657394
1655375894.56981 0.081484 -0.996338 -0.025915 2.390982 0.996102 0.080528 0.036011 2.1268 -0.033792 -0.028749 0.999015 0.654563
1655375894.66795 0.086486 -0.995827 -0.029135 2.392902 0.995756 0.085482 0.034108 2.142903 -0.031475 -0.031962 0.998993 0.653469
1655375894.76768 0.084747 -0.996083 -0.025212 2.397356 0.995917 0.083889 0.033344 2.177334 -0.031098 -0.027935 0.999126 0.651638
1655375894.86947 0.088734 -0.995676 -0.027501 2.399249 0.995613 0.087838 0.032228 2.193577 -0.029673 -0.03024 0.999102 0.651118
1655375894.96718 0.080966 -0.996184 -0.032589 2.403299 0.996108 0.079731 0.037563 2.228227 -0.034821 -0.035504 0.998763 0.651336
1655375895.06698 0.083982 -0.996201 -0.023015 2.407172 0.996037 0.083244 0.031322 2.262849 -0.029287 -0.025554 0.999244 0.652131
1655375895.16785 0.085453 -0.996013 -0.025598 2.40896 0.995992 0.084713 0.028699 2.278788 -0.026416 -0.027948 0.99926 0.652368
1655375895.27143 0.088048 -0.99574 -0.02738 2.413357 0.995618 0.087101 0.034037 2.312728 -0.031507 -0.030257 0.999045 0.652546
1655375895.36793 0.090234 -0.995636 -0.023826 2.418489 0.995607 0.08958 0.027231 2.346317 -0.024978 -0.026178 0.999345 0.653526
1655375895.46838 0.088636 -0.995798 -0.023022 2.421107 0.995664 0.087921 0.030388 2.36199 -0.028237 -0.025616 0.999273 0.653929
1655375895.56788 0.083311 -0.99627 -0.022484 2.426384 0.996104 0.0826 0.030896 2.395834 -0.028923 -0.02497 0.99927 0.655092
1655375895.66752 0.08914 -0.99579 -0.021364 2.42865 0.995751 0.088598 0.025097 2.411526 -0.023098 -0.02351 0.999457 0.655716
1655375895.76721 0.083202 -0.996204 -0.02558 2.433226 0.99611 0.082391 0.031245 2.445937 -0.029019 -0.02808 0.999184 0.657197
1655375895.86733 0.079366 -0.99657 -0.023429 2.437903 0.995141 0.077834 0.060306 2.47995 -0.058275 -0.028101 0.997905 0.659718
1655375895.97097 0.065251 -0.997544 -0.025476 2.439794 0.99163 0.061971 0.113271 2.494481 -0.111414 -0.032654 0.993237 0.660846
1655375896.0707 -0.013334 -0.999463 -0.029915 2.44311 0.993309 -0.016673 0.114274 2.517387 -0.114712 -0.028191 0.992999 0.659416
1655375896.1712 -0.116702 -0.992802 -0.026937 2.445625 0.988847 -0.118679 0.089979 2.528588 -0.092528 -0.016136 0.995579 0.654446
1655375896.26715 -0.176082 -0.984102 -0.02319 2.446134 0.981087 -0.177369 0.077519 2.530559 -0.0804 -0.009102 0.996721 0.652103
1655375896.36795 -0.299116 -0.953667 -0.032385 2.446187 0.952309 -0.300491 0.053044 2.530231 -0.060318 -0.014974 0.998067 0.648052
1655375896.4704 -0.356251 -0.933921 -0.029619 2.445539 0.933305 -0.357186 0.036868 2.52903 -0.045012 -0.014509 0.998881 0.64656
1655375896.56734 -0.47966 -0.876531 -0.040248 2.442124 0.876871 -0.480509 0.014426 2.526454 -0.031984 -0.028372 0.999086 0.645673
1655375896.67156 -0.593238 -0.803452 -0.050326 2.437185 0.804382 -0.594106 0.002891 2.525557 -0.032222 -0.038767 0.998729 0.647214
1655375896.77333 -0.64472 -0.761848 -0.06264 2.434837 0.763393 -0.645934 -0.001131 2.525903 -0.039599 -0.048548 0.998036 0.648781
1655375896.87284 -0.742202 -0.665688 -0.077432 2.430308 0.668183 -0.743944 -0.008945 2.528401 -0.051651 -0.058378 0.996957 0.653506
1655375896.96634 -0.829507 -0.55239 -0.082363 2.428041 0.554239 -0.832357 0.000496 2.53304 -0.068829 -0.045238 0.996602 0.658362
1655375897.06684 -0.861833 -0.500575 -0.081658 2.427847 0.500642 -0.865396 0.021137 2.535081 -0.081247 -0.022665 0.996436 0.660262
1655375897.16692 -0.922194 -0.377847 -0.082396 2.429551 0.376626 -0.925863 0.030486 2.536633 -0.087807 -0.002918 0.996133 0.663084
1655375897.26738 -0.945289 -0.316797 -0.077898 2.43111 0.315142 -0.94847 0.033023 2.535397 -0.084345 0.006667 0.996414 0.663598
1655375897.3716 -0.980767 -0.188041 -0.052311 2.435385 0.187889 -0.982159 0.007867 2.528334 -0.052857 -0.002113 0.9986 0.664081
1655375897.46746 -0.993539 -0.10955 0.029648 2.436064 0.109013 -0.993855 -0.019187 2.519139 0.031568 -0.015831 0.999376 0.663796
1655375897.56659 -0.995686 -0.087791 0.03005 2.432408 0.087183 -0.995972 -0.020963 2.514873 0.031769 -0.018253 0.999329 0.664281
1655375897.66688 -0.998073 -0.056786 0.025001 2.415318 0.056333 -0.998241 -0.01848 2.506864 0.026007 -0.017036 0.999517 0.66642
1655375897.7665 -0.999075 -0.042798 -0.004101 2.387603 0.042877 -0.998843 -0.021778 2.500033 -0.003165 -0.021934 0.999754 0.668927
1655375897.86674 -0.999138 -0.037289 -0.018268 2.372415 0.037633 -0.999114 -0.018849 2.497022 -0.017549 -0.019521 0.999655 0.669976
1655375897.96605 -0.998285 -0.035086 -0.046866 2.337993 0.035957 -0.999194 -0.017869 2.491308 -0.046201 -0.019523 0.998741 0.67038
1655375898.06519 -0.997739 -0.036246 -0.05659 2.32161 0.037211 -0.999178 -0.016087 2.488422 -0.05596 -0.018156 0.998268 0.669766
1655375898.16649 -0.997083 -0.045455 -0.061311 2.287752 0.04588 -0.998932 -0.005542 2.481675 -0.060993 -0.008339 0.998103 0.666817
1655375898.26644 -0.997194 -0.051371 -0.05446 2.258114 0.051834 -0.99863 -0.007119 2.474038 -0.05402 -0.009922 0.998491 0.663219
1655375898.36612 -0.99667 -0.050033 -0.06438 2.241631 0.051026 -0.998601 -0.013863 2.469188 -0.063597 -0.017102 0.997829 0.661044
1655375898.4656 -0.99703 -0.055043 -0.053873 2.211806 0.055995 -0.998298 -0.016321 2.459323 -0.052883 -0.019289 0.998414 0.657571
1655375898.56562 -0.997636 -0.054939 -0.041282 2.184304 0.055591 -0.998344 -0.014808 2.449822 -0.0404 -0.017068 0.999038 0.656099
1655375898.67005 -0.997455 -0.058639 -0.040549 2.168212 0.059766 -0.997843 -0.027168 2.444426 -0.038868 -0.029522 0.998808 0.656423
1655375898.76569 -0.997424 -0.059039 -0.040743 2.138034 0.059857 -0.998023 -0.019147 2.435375 -0.039532 -0.021537 0.998986 0.658198
1655375898.86512 -0.997148 -0.064754 -0.038774 2.123625 0.065673 -0.997578 -0.022904 2.431624 -0.037197 -0.025385 0.998985 0.659411
1655375898.96767 -0.997248 -0.059467 -0.04427 2.091888 0.060893 -0.997645 -0.031577 2.423857 -0.042288 -0.034186 0.99852 0.662179
1655375899.06545 -0.996971 -0.063008 -0.045602 2.06165 0.064071 -0.997698 -0.022235 2.417807 -0.044096 -0.025089 0.998712 0.664613
1655375899.1649 -0.997227 -0.061325 -0.042162 2.044428 0.062234 -0.997849 -0.020601 2.414654 -0.040808 -0.023167 0.998898 0.665797
1655375899.2656 -0.996504 -0.065801 -0.051486 2.013928 0.067385 -0.997286 -0.029654 2.409696 -0.049395 -0.03302 0.998233 0.666987
1655375899.36542 -0.996894 -0.060205 -0.050771 1.981029 0.061445 -0.99784 -0.023237 2.405253 -0.049262 -0.026284 0.99844 0.667678
1655375899.46456 -0.996704 -0.063052 -0.051037 1.963629 0.064275 -0.997675 -0.022675 2.403015 -0.049488 -0.02588 0.998439 0.667505
1655375899.56941 -0.997251 -0.06132 -0.041591 1.932822 0.061985 -0.997966 -0.014889 2.398976 -0.040594 -0.017426 0.999024 0.666335
1655375899.66537 -0.996935 -0.0634 -0.045835 1.915299 0.064673 -0.997545 -0.026864 2.396876 -0.044019 -0.029746 0.998588 0.665448
1655375899.76515 -0.99682 -0.064602 -0.046651 1.882234 0.065701 -0.997587 -0.022432 2.392891 -0.045089 -0.025426 0.998659 0.663624
1655375899.86489 -0.996903 -0.065913 -0.042891 1.851102 0.066768 -0.997591 -0.018823 2.389578 -0.041547 -0.021628 0.998902 0.662719
1655375899.96894 -0.996838 -0.065504 -0.044989 1.833132 0.066555 -0.997534 -0.022266 2.387978 -0.04342 -0.02519 0.998739 0.662943
1655375900.06593 -0.996718 -0.069296 -0.041838 1.801169 0.070385 -0.997203 -0.025132 2.385105 -0.03998 -0.027995 0.998808 0.663792
1655375900.16559 -0.996271 -0.071798 -0.047846 1.766368 0.073217 -0.996906 -0.028594 2.382682 -0.045645 -0.03199 0.998445 0.66401
1655375900.26574 -0.996352 -0.073217 -0.04383 1.747483 0.074294 -0.99696 -0.023468 2.381587 -0.041979 -0.026638 0.998763 0.664188
1655375900.36772 -0.99625 -0.07667 -0.040092 1.714267 0.077566 -0.99676 -0.0213 2.380284 -0.038329 -0.02433 0.998969 0.663894
1655375900.46442 -0.996602 -0.074277 -0.03561 1.694779 0.075222 -0.996828 -0.025974 2.379507 -0.033568 -0.028565 0.999028 0.663567
1655375900.56401 -0.995975 -0.076432 -0.046823 1.660546 0.077963 -0.996449 -0.031786 2.378678 -0.044227 -0.035308 0.998397 0.663123
1655375900.69853 -0.995677 -0.081121 -0.045235 1.622859 0.082145 -0.996393 -0.021271 2.378298 -0.043346 -0.024895 0.99875 0.663158
1655375900.76635 -0.995286 -0.084092 -0.048312 1.605247 0.085275 -0.996093 -0.022971 2.378224 -0.046192 -0.026982 0.998568 0.663602
1655375900.87098 -0.995464 -0.084064 -0.044548 1.567967 0.085185 -0.996079 -0.023896 2.378931 -0.042364 -0.027582 0.998721 0.664433
1655375900.97416 -0.995224 -0.081588 -0.053605 1.530828 0.083054 -0.996214 -0.025702 2.379902 -0.051305 -0.030032 0.998231 0.665707
1655375901.06391 -0.995367 -0.079966 -0.053384 1.513809 0.081153 -0.996492 -0.020447 2.380634 -0.051561 -0.024685 0.998365 0.666252
1655375901.16421 -0.995494 -0.078923 -0.052559 1.47856 0.08013 -0.996558 -0.021267 2.382784 -0.0507 -0.025383 0.998391 0.666477
1655375901.26624 -0.995723 -0.078698 -0.048403 1.444012 0.079738 -0.996616 -0.019957 2.385248 -0.046669 -0.023731 0.998629 0.665136
1655375901.36886 -0.995545 -0.080555 -0.048999 1.42805 0.081332 -0.996588 -0.01407 2.386355 -0.047699 -0.017993 0.9987 0.663668
1655375901.46525 -0.996156 -0.078728 -0.038419 1.393754 0.079563 -0.996615 -0.020706 2.388344 -0.036659 -0.023684 0.999047 0.661389
1655375901.56776 -0.995898 -0.077756 -0.046277 1.377831 0.078612 -0.996761 -0.016961 2.389156 -0.044808 -0.020529 0.998785 0.660555
1655375901.66483 -0.995401 -0.08208 -0.049384 1.343335 0.083164 -0.996329 -0.020323 2.390271 -0.047535 -0.024337 0.998573 0.660106
1655375901.76453 -0.995396 -0.085272 -0.04376 1.308599 0.086155 -0.996106 -0.018697 2.391838 -0.041995 -0.022381 0.998867 0.660942
1655375901.86468 -0.994957 -0.088519 -0.047161 1.292546 0.089845 -0.995596 -0.026762 2.392777 -0.044584 -0.030864 0.998529 0.661904
1655375901.96357 -0.995027 -0.089957 -0.04277 1.257284 0.091072 -0.995533 -0.024882 2.395031 -0.04034 -0.028653 0.998775 0.663289
1655375902.06359 -0.994483 -0.095488 -0.043434 1.240789 0.096566 -0.995051 -0.023434 2.396125 -0.040981 -0.027499 0.998781 0.664087
1655375902.16341 -0.994148 -0.09647 -0.048605 1.205482 0.097743 -0.99491 -0.024511 2.399353 -0.045993 -0.029118 0.998517 0.665176
1655375902.26387 -0.993811 -0.09495 -0.057653 1.170071 0.096755 -0.994875 -0.029354 2.402857 -0.05457 -0.034751 0.997905 0.665578
1655375902.36401 -0.993942 -0.096345 -0.052891 1.153831 0.097718 -0.994924 -0.024009 2.40472 -0.050309 -0.029032 0.998312 0.665529
1655375902.4629 -0.993491 -0.096203 -0.060995 1.119905 0.0981 -0.994757 -0.028903 2.40896 -0.057894 -0.034699 0.99772 0.664819
1655375902.56394 -0.993536 -0.105245 -0.042546 1.086827 0.106198 -0.994128 -0.020781 2.41355 -0.040109 -0.025165 0.998878 0.663882
1655375902.66388 -0.993435 -0.104276 -0.047053 1.071652 0.105416 -0.994175 -0.022421 2.415699 -0.044441 -0.027234 0.998641 0.663503
1655375902.76327 -0.993509 -0.101724 -0.050917 1.038895 0.102867 -0.994487 -0.020346 2.420276 -0.048566 -0.025452 0.998496 0.664091
1655375902.86335 -0.99363 -0.101947 -0.048021 1.008351 0.103118 -0.994413 -0.022581 2.424297 -0.045451 -0.027389 0.998591 0.665741
1655375902.96251 -0.993806 -0.102378 -0.043224 0.990957 0.103452 -0.99436 -0.023382 2.426852 -0.040587 -0.027708 0.998792 0.666787
1655375903.06439 -0.993297 -0.103309 -0.051858 0.960582 0.104684 -0.994203 -0.024536 2.431587 -0.049022 -0.0298 0.998353 0.668349
1655375903.16453 -0.993859 -0.101013 -0.045178 0.943223 0.102063 -0.994544 -0.021556 2.43448 -0.042754 -0.026035 0.998746 0.668894
1655375903.26354 -0.993871 -0.102226 -0.042082 0.90982 0.103175 -0.994441 -0.021029 2.440155 -0.039699 -0.025242 0.998893 0.669466
1655375903.36902 -0.994272 -0.096533 -0.045883 0.878311 0.097428 -0.995086 -0.017677 2.445257 -0.043951 -0.022046 0.99879 0.669169
1655375903.46355 -0.993983 -0.096356 -0.052094 0.860018 0.097508 -0.995033 -0.020028 2.448191 -0.049905 -0.024987 0.998441 0.668728
1655375903.56243 -0.994124 -0.095855 -0.050296 0.826444 0.096701 -0.995206 -0.014645 2.453471 -0.048651 -0.019423 0.998627 0.668272
1655375903.66284 -0.994078 -0.096274 -0.050401 0.793525 0.097281 -0.995095 -0.017928 2.458614 -0.048427 -0.022725 0.998568 0.669009
1655375903.7625 -0.994211 -0.093768 -0.052456 0.778315 0.095205 -0.995128 -0.025605 2.460852 -0.0498 -0.030451 0.998295 0.669636
1655375903.86315 -0.994418 -0.094468 -0.046998 0.745456 0.095391 -0.995281 -0.0178 2.465907 -0.045095 -0.022184 0.998736 0.670856
1655375903.96334 -0.994318 -0.097352 -0.043053 0.730088 0.098153 -0.995028 -0.016905 2.468424 -0.041194 -0.021035 0.99893 0.671917
1655375904.06306 -0.994081 -0.099356 -0.043944 0.69687 0.100482 -0.994645 -0.02419 2.473307 -0.041305 -0.028462 0.998741 0.673701
1655375904.16638 -0.994039 -0.102177 -0.038036 0.663334 0.102782 -0.994601 -0.014295 2.478437 -0.03637 -0.018119 0.999174 0.675298
1655375904.26634 -0.993873 -0.102763 -0.040687 0.647599 0.103696 -0.994376 -0.021515 2.480901 -0.038247 -0.025602 0.99894 0.675884
1655375904.36303 -0.9939 -0.101694 -0.042686 0.61371 0.10261 -0.994523 -0.01986 2.486058 -0.040433 -0.024119 0.998891 0.676815
1655375904.46292 -0.993383 -0.10194 -0.052892 0.581899 0.103136 -0.994458 -0.020383 2.491229 -0.050521 -0.025703 0.998392 0.676536
1655375904.56272 -0.993729 -0.101805 -0.046236 0.563906 0.102691 -0.994565 -0.017199 2.49417 -0.044234 -0.02184 0.998782 0.675708
1655375904.66278 -0.993523 -0.104988 -0.043465 0.532539 0.105752 -0.994269 -0.015661 2.499208 -0.041572 -0.020156 0.998932 0.673926
1655375904.76766 -0.993653 -0.102973 -0.045289 0.51451 0.103913 -0.994407 -0.018899 2.502222 -0.04309 -0.023486 0.998795 0.672915
1655375904.8664 -0.994275 -0.098129 -0.042282 0.481163 0.098934 -0.994942 -0.017394 2.507945 -0.040361 -0.021477 0.998954 0.672329
1655375904.96935 -0.994124 -0.099157 -0.043427 0.447361 0.099906 -0.994877 -0.01543 2.513576 -0.041674 -0.019678 0.998937 0.673811
1655375905.07444 -0.994612 -0.095383 -0.040602 0.431599 0.096118 -0.995232 -0.016548 2.516066 -0.03883 -0.020362 0.999038 0.674581
1655375905.17244 -0.994951 -0.088221 -0.04785 0.39777 0.089066 -0.9959 -0.015834 2.520873 -0.046257 -0.020015 0.998729 0.676189
1655375905.26168 -0.995057 -0.088576 -0.044891 0.381958 0.089236 -0.995927 -0.012914 2.523004 -0.043564 -0.016856 0.998908 0.676875
1655375905.36185 -0.995005 -0.091746 -0.039352 0.348267 0.092451 -0.995581 -0.01649 2.526672 -0.037665 -0.020046 0.999089 0.677012
1655375905.46162 -0.99484 -0.092721 -0.041191 0.314294 0.093675 -0.995363 -0.021848 2.530077 -0.038974 -0.025594 0.998912 0.675936
1655375905.56483 -0.994569 -0.096672 -0.03857 0.29841 0.097399 -0.995093 -0.017437 2.531823 -0.036695 -0.021099 0.999104 0.675148
1655375905.66195 -0.993591 -0.105116 -0.041567 0.263777 0.105983 -0.994182 -0.01922 2.534943 -0.039305 -0.023502 0.998951 0.673197
1655375905.76325 -0.993309 -0.107607 -0.041935 0.228768 0.108652 -0.993802 -0.023497 2.53816 -0.039147 -0.027896 0.998844 0.67173
1655375905.86132 -0.992935 -0.109157 -0.046537 0.212185 0.110316 -0.993628 -0.023104 2.53987 -0.043718 -0.028074 0.998649 0.671574
1655375905.96421 -0.992404 -0.114355 -0.045364 0.176335 0.115391 -0.9931 -0.020916 2.543731 -0.042659 -0.025992 0.998752 0.67103
1655375906.06312 -0.991226 -0.119671 -0.056123 0.143295 0.120553 -0.992627 -0.012593 2.548061 -0.054202 -0.019248 0.998344 0.671015
1655375906.16379 -0.988638 -0.095198 -0.116332 0.125303 0.097037 -0.995228 -0.010232 2.549899 -0.114803 -0.021404 0.993158 0.671806
1655375906.26283 -0.991089 -0.014562 -0.132407 0.100417 0.017372 -0.999647 -0.020096 2.552663 -0.132067 -0.022217 0.990992 0.672381
1655375906.36284 -0.990198 0.029539 -0.136511 0.0934 -0.026888 -0.999413 -0.021221 2.553142 -0.137058 -0.017342 0.990411 0.672433
1655375906.46215 -0.984724 0.140254 -0.103183 0.08706 -0.13856 -0.990077 -0.02344 2.554184 -0.105447 -0.008785 0.994386 0.670882
1655375906.56221 -0.963736 0.261484 -0.053284 0.088452 -0.260544 -0.965163 -0.024005 2.553421 -0.057705 -0.009251 0.998291 0.668623
1655375906.66237 -0.946424 0.320706 -0.03779 0.090127 -0.319772 -0.947058 -0.028766 2.552542 -0.045014 -0.01514 0.998872 0.667986
1655375906.76702 -0.895641 0.444349 -0.019501 0.092597 -0.443411 -0.895466 -0.039071 2.550183 -0.034823 -0.026347 0.999046 0.667489
1655375906.86289 -0.834 0.551541 -0.015724 0.092098 -0.549745 -0.833046 -0.061767 2.5479 -0.047166 -0.042869 0.997967 0.668358
1655375906.96345 -0.790837 0.611837 -0.015237 0.090573 -0.609339 -0.789451 -0.073981 2.547619 -0.057293 -0.049222 0.997143 0.669595
1655375907.06247 -0.705209 0.708808 -0.016485 0.086687 -0.706082 -0.704224 -0.07427 2.550061 -0.064252 -0.040736 0.997102 0.671295
1655375907.16332 -0.64942 0.76036 -0.010326 0.083958 -0.758264 -0.648534 -0.066631 2.552661 -0.05736 -0.035442 0.997724 0.671993
1655375907.26333 -0.537777 0.842748 -0.023902 0.077945 -0.841108 -0.53824 -0.053234 2.55873 -0.057728 -0.008524 0.998296 0.672752
1655375907.36383 -0.428558 0.902743 -0.037323 0.073636 -0.901607 -0.429972 -0.047223 2.564613 -0.058679 0.013413 0.998187 0.672724
1655375907.46411 -0.363364 0.930685 -0.042338 0.072908 -0.929933 -0.365076 -0.044091 2.56711 -0.056492 0.02335 0.99813 0.672239
1655375907.5636 -0.251401 0.967452 -0.028867 0.075321 -0.967548 -0.251987 -0.018814 2.569444 -0.025476 0.0232 0.999406 0.672111
1655375907.66377 -0.131986 0.990979 -0.023224 0.082159 -0.991126 -0.132306 -0.012815 2.566779 -0.015772 0.021327 0.999648 0.672474
1655375907.76357 -0.090325 0.995286 -0.035315 0.087281 -0.995494 -0.091258 -0.025777 2.563156 -0.028879 0.032828 0.999044 0.67262
1655375907.86749 -0.04337 0.998956 -0.014351 0.099198 -0.998027 -0.042668 0.04606 2.553093 0.0454 0.016321 0.998836 0.672701
1655375907.96524 -0.015253 0.999867 -0.005825 0.11521 -0.999318 -0.015049 0.033733 2.530504 0.033641 0.006335 0.999414 0.673782
1655375908.06403 -0.006303 0.999966 -0.00531 0.123458 -0.999617 -0.006157 0.026972 2.515935 0.026938 0.005478 0.999622 0.674952
1655375908.16385 0.002708 0.999993 0.002722 0.141978 -0.999962 0.002731 -0.008303 2.478535 -0.00831 -0.002699 0.999962 0.678308
1655375908.26591 0.012702 0.999918 0.001831 0.150891 -0.99961 0.012744 -0.024847 2.459273 -0.024868 -0.001515 0.99969 0.679768
1655375908.36425 0.016834 0.99973 0.016028 0.169547 -0.998682 0.01759 -0.048215 2.418065 -0.048484 -0.015195 0.998708 0.681412
1655375908.46489 0.021887 0.999744 0.0057 0.187502 -0.998035 0.022184 -0.058593 2.379237 -0.058704 -0.004407 0.998266 0.680493
1655375908.56447 0.018481 0.999811 0.006062 0.195382 -0.998014 0.018812 -0.060119 2.362301 -0.060222 -0.004939 0.998173 0.679555
1655375908.66472 0.01537 0.999876 0.003561 0.212254 -0.998701 0.015525 -0.04854 2.32908 -0.048589 -0.00281 0.998815 0.676617
1655375908.76445 0.004839 0.999938 0.010011 0.22857 -0.999071 0.005263 -0.042769 2.298362 -0.042819 -0.009795 0.999035 0.673884
1655375908.8647 0.001636 0.999953 0.009508 0.235874 -0.99917 0.002021 -0.040685 2.284408 -0.040703 -0.009434 0.999127 0.672871
1655375908.96516 -0.007762 0.999721 0.022325 0.250336 -0.999306 -0.006941 -0.036601 2.254912 -0.036436 -0.022594 0.999081 0.671683
1655375909.06551 -0.011999 0.999787 0.016795 0.256274 -0.999478 -0.011488 -0.030185 2.2411 -0.029986 -0.017148 0.999403 0.67145
1655375909.16524 -0.010587 0.999821 0.015692 0.267991 -0.999375 -0.010051 -0.033877 2.210643 -0.033713 -0.016041 0.999303 0.671368
1655375909.26821 -0.012439 0.999768 0.017588 0.27793 -0.999293 -0.011805 -0.035709 2.179398 -0.035493 -0.01802 0.999207 0.671379
1655375909.37094 -0.011729 0.999817 0.015101 0.281948 -0.99919 -0.011138 -0.038676 2.164551 -0.038501 -0.015542 0.999138 0.67139
1655375909.46568 -0.006414 0.999938 0.009105 0.289723 -0.9994 -0.0061 -0.034093 2.132979 -0.034035 -0.009319 0.999377 0.671442
1655375909.56496 -0.004736 0.999969 0.006271 0.295818 -0.999398 -0.004517 -0.034406 2.101075 -0.034376 -0.00643 0.999388 0.672311
1655375909.66578 -0.008679 0.999947 0.005557 0.298439 -0.999359 -0.00848 -0.034786 2.086153 -0.034737 -0.005855 0.999379 0.672699
1655375909.76938 -0.002484 0.999994 0.002377 0.303647 -0.999493 -0.002407 -0.031747 2.054135 -0.031742 -0.002454 0.999493 0.673453
1655375909.86503 -0.004102 0.99997 0.006604 0.305789 -0.999321 -0.003857 -0.036639 2.039154 -0.036612 -0.00675 0.999307 0.673793
1655375909.96578 -0.004367 0.999981 0.004318 0.310326 -0.999456 -0.004223 -0.032704 2.007119 -0.032685 -0.004459 0.999456 0.674415
1655375910.0661 -0.00674 0.999949 0.007528 0.314483 -0.999285 -0.006455 -0.03725 1.974873 -0.037199 -0.007773 0.999278 0.67576
1655375910.16605 -0.009919 0.999942 0.004195 0.316551 -0.999246 -0.009754 -0.037587 1.9597 -0.037544 -0.004564 0.999285 0.67635
1655375910.26582 -0.01129 0.999907 0.007711 0.320652 -0.999323 -0.011013 -0.035107 1.927502 -0.035019 -0.008102 0.999354 0.677068
1655375910.36618 -0.017209 0.999827 0.007072 0.324261 -0.99928 -0.016959 -0.033951 1.89689 -0.033825 -0.007652 0.999398 0.677594
1655375910.46536 -0.017747 0.999787 0.010564 0.326205 -0.999283 -0.017382 -0.03365 1.879013 -0.033459 -0.011153 0.999378 0.67744
1655375910.56568 -0.02273 0.999629 0.014984 0.329327 -0.999181 -0.022213 -0.033828 1.84739 -0.033482 -0.01574 0.999315 0.677592
1655375910.66703 -0.022048 0.999741 0.005553 0.332055 -0.999255 -0.02186 -0.031815 1.812702 -0.031685 -0.006251 0.999478 0.677534
1655375910.76547 -0.026696 0.999564 0.012587 0.333006 -0.999197 -0.026305 -0.030231 1.794304 -0.029886 -0.013384 0.999464 0.678025
1655375910.8667 -0.033237 0.999383 0.011348 0.334112 -0.998877 -0.032833 -0.034147 1.761362 -0.033754 -0.01247 0.999352 0.679747
1655375910.96541 -0.034481 0.999317 0.013275 0.334505 -0.998871 -0.034025 -0.033138 1.742143 -0.032664 -0.014403 0.999363 0.68116
1655375911.06652 -0.024995 0.999649 0.008746 0.334837 -0.999149 -0.024693 -0.033045 1.708195 -0.032817 -0.009564 0.999416 0.683989
1655375911.16698 -0.022111 0.999705 0.010055 0.334473 -0.999109 -0.021734 -0.036168 1.671634 -0.035939 -0.010845 0.999295 0.686831
1655375911.26675 -0.0159 0.999872 0.001674 0.334465 -0.99918 -0.015827 -0.037271 1.654589 -0.037239 -0.002265 0.999304 0.687503
1655375911.36715 -0.010075 0.999927 0.006636 0.334775 -0.999226 -0.009815 -0.038094 1.618379 -0.038026 -0.007015 0.999252 0.686501
1655375911.4667 -0.013837 0.999865 0.008836 0.334904 -0.99909 -0.013469 -0.040464 1.582786 -0.040339 -0.009388 0.999142 0.682921
1655375911.56666 -0.016473 0.999839 0.007152 0.335493 -0.998924 -0.016147 -0.043486 1.566047 -0.043364 -0.00786 0.999028 0.681137
1655375911.66636 -0.020882 0.99971 0.01197 0.336032 -0.99889 -0.020357 -0.042489 1.530542 -0.042233 -0.012844 0.999025 0.677157
1655375911.76737 -0.021635 0.999726 0.00892 0.336484 -0.998857 -0.021234 -0.042833 1.514205 -0.042632 -0.009836 0.999042 0.675383
1655375911.86871 -0.022907 0.999693 0.009475 0.33685 -0.999076 -0.022546 -0.036579 1.479133 -0.036354 -0.010304 0.999286 0.672134
1655375911.96703 -0.022529 0.999712 0.008318 0.337168 -0.999101 -0.022215 -0.036111 1.444539 -0.035916 -0.009124 0.999313 0.67029
1655375912.06685 -0.024066 0.999631 0.012608 0.337459 -0.999018 -0.023578 -0.037518 1.428241 -0.037207 -0.013498 0.999216 0.6702
1655375912.16799 -0.023875 0.999641 0.012128 0.337917 -0.998995 -0.023396 -0.038227 1.393381 -0.037929 -0.013028 0.999195 0.670573
1655375912.26751 -0.024971 0.999451 0.021758 0.337808 -0.998597 -0.023921 -0.047243 1.35831 -0.046697 -0.022907 0.998646 0.670803
1655375912.36834 -0.017749 0.999743 0.014078 0.337879 -0.999136 -0.017206 -0.037821 1.342064 -0.037569 -0.014737 0.999185 0.671332
1655375912.46762 -0.02348 0.999651 0.012106 0.337418 -0.998758 -0.022923 -0.044233 1.307629 -0.04394 -0.01313 0.998948 0.672148
1655375912.5692 -0.021537 0.999706 0.011153 0.337063 -0.998856 -0.021039 -0.042943 1.291389 -0.042695 -0.012066 0.999015 0.672717
1655375912.66781 -0.025324 0.999607 0.012022 0.336471 -0.998847 -0.02481 -0.041102 1.257126 -0.040788 -0.013049 0.999083 0.673017
1655375912.76843 -0.026569 0.999587 0.010943 0.336353 -0.999172 -0.026218 -0.031096 1.222488 -0.030796 -0.01176 0.999457 0.673318
1655375912.86698 -0.027504 0.999581 0.008986 0.336563 -0.999036 -0.027179 -0.034459 1.20596 -0.034201 -0.009926 0.999366 0.6737
1655375912.96804 -0.030911 0.999452 0.011848 0.33671 -0.998774 -0.030427 -0.039057 1.170734 -0.038675 -0.01304 0.999167 0.674693
1655375913.0683 -0.03137 0.999398 0.014849 0.33654 -0.998805 -0.030788 -0.037951 1.134539 -0.037471 -0.016022 0.999169 0.675468
1655375913.16851 -0.034806 0.999235 0.017854 0.336514 -0.998536 -0.03403 -0.042056 1.117681 -0.041416 -0.019292 0.998956 0.675907
1655375913.26794 -0.034716 0.999359 0.008754 0.336041 -0.998563 -0.034328 -0.041161 1.080865 -0.040834 -0.01017 0.999114 0.678189
1655375913.36726 -0.032802 0.999431 0.007813 0.335409 -0.998495 -0.032426 -0.044219 1.064143 -0.04394 -0.009252 0.998991 0.679572
1655375913.46811 -0.037155 0.999159 0.017324 0.334284 -0.99828 -0.036325 -0.046016 1.028472 -0.045348 -0.019004 0.99879 0.681601
1655375913.56829 -0.035472 0.999341 0.007667 0.332689 -0.998658 -0.035156 -0.038026 0.993932 -0.037732 -0.009005 0.999247 0.682811
1655375913.66787 -0.037422 0.999231 0.011721 0.331773 -0.998402 -0.036888 -0.042817 0.978081 -0.042352 -0.013304 0.999014 0.683489
1655375913.76833 -0.038729 0.999147 0.014298 0.329959 -0.998422 -0.038111 -0.041236 0.943935 -0.040656 -0.015872 0.999047 0.684412
1655375913.86781 -0.041425 0.99911 0.007968 0.327935 -0.998448 -0.041098 -0.037574 0.910719 -0.037213 -0.009512 0.999262 0.684496
1655375913.9689 -0.039391 0.999117 0.014617 0.327037 -0.998297 -0.03872 -0.04363 0.895227 -0.043025 -0.016311 0.998941 0.684069
1655375914.06786 -0.042662 0.999028 0.011069 0.325135 -0.998116 -0.042129 -0.044608 0.861803 -0.044098 -0.012951 0.998943 0.683091
1655375914.16835 -0.039502 0.999161 0.010788 0.324454 -0.998558 -0.039081 -0.036807 0.846039 -0.036355 -0.012226 0.999264 0.682627
1655375914.26861 -0.039863 0.999121 0.012986 0.322636 -0.998397 -0.039304 -0.040737 0.812668 -0.040191 -0.014589 0.999085 0.682136
1655375914.36922 -0.045706 0.998882 0.012053 0.320577 -0.998161 -0.045185 -0.040412 0.77911 -0.039822 -0.013878 0.99911 0.681509
1655375914.46977 -0.04359 0.998951 0.014025 0.319628 -0.998492 -0.043092 -0.034014 0.763299 -0.033374 -0.015487 0.999323 0.681543
1655375914.56815 -0.048921 0.998756 0.009658 0.317179 -0.998157 -0.048539 -0.036432 0.728727 -0.035918 -0.011423 0.999289 0.681362
1655375914.6848 -0.048554 0.998766 0.010461 0.314481 -0.998323 -0.048196 -0.032064 0.693566 -0.031521 -0.012 0.999431 0.680897
1655375914.76935 -0.046483 0.998825 0.013735 0.313286 -0.998263 -0.04595 -0.036867 0.67669 -0.036192 -0.015425 0.999226 0.680729
1655375914.873 -0.046727 0.998819 0.013321 0.310371 -0.998068 -0.046136 -0.041622 0.640206 -0.040958 -0.01524 0.999045 0.679537
1655375914.96842 -0.043068 0.999029 0.009265 0.309137 -0.998097 -0.042614 -0.04456 0.623181 -0.044122 -0.011167 0.998964 0.678768
1655375915.06847 -0.042924 0.999012 0.01148 0.306486 -0.997964 -0.042331 -0.047703 0.587336 -0.04717 -0.013505 0.998796 0.677711
1655375915.16941 -0.047882 0.998843 0.004538 0.304143 -0.997909 -0.047639 -0.043687 0.552551 -0.04342 -0.006621 0.999035 0.678615
1655375915.26909 -0.049456 0.998761 0.005485 0.303171 -0.99823 -0.049246 -0.033333 0.536401 -0.033022 -0.007124 0.999429 0.679699
1655375915.36961 -0.051775 0.998627 0.007957 0.301465 -0.997886 -0.05142 -0.03974 0.502127 -0.039276 -0.009998 0.999178 0.682245
1655375915.46888 -0.059222 0.998171 0.012112 0.29986 -0.997536 -0.058718 -0.038407 0.46771 -0.037625 -0.014356 0.999189 0.685179
1655375915.56882 -0.059447 0.998143 0.013306 0.298874 -0.997405 -0.058851 -0.041464 0.451629 -0.040604 -0.015736 0.999051 0.68598
1655375915.66891 -0.059062 0.998197 0.010704 0.296573 -0.9976 -0.058632 -0.036828 0.41723 -0.036134 -0.012853 0.999264 0.68644
1655375915.76847 -0.060975 0.998091 0.009856 0.295262 -0.997595 -0.060613 -0.033635 0.400757 -0.032973 -0.011884 0.999386 0.685824
1655375915.86883 -0.059151 0.998243 0.003576 0.292532 -0.996891 -0.058883 -0.052354 0.365595 -0.052051 -0.006662 0.998622 0.684404
1655375915.96884 -0.0554 0.998386 0.012487 0.290037 -0.990854 -0.053432 -0.123911 0.334773 -0.123044 -0.019237 0.992215 0.682828
1655375916.06838 -0.055091 0.998427 0.010376 0.288943 -0.990957 -0.0534 -0.123097 0.324238 -0.12235 -0.017064 0.99234 0.681493
1655375916.16923 -0.008329 0.999912 0.010374 0.287211 -0.994873 -0.00724 -0.100877 0.310682 -0.100793 -0.011161 0.994845 0.677693
1655375916.26919 0.071327 0.997435 0.006043 0.286606 -0.994251 0.071582 -0.079629 0.305741 -0.079857 -0.000329 0.996806 0.672932
1655375916.36956 0.132775 0.990996 0.017275 0.287008 -0.989359 0.133562 -0.057698 0.305043 -0.059486 -0.00943 0.998185 0.670307
1655375916.46933 0.238442 0.971049 0.014489 0.28898 -0.970273 0.238835 -0.039104 0.30464 -0.041433 -0.004734 0.99913 0.666123
1655375916.56901 0.360676 0.932668 0.006627 0.292736 -0.932394 0.360731 -0.022675 0.303704 -0.023539 0.001999 0.999721 0.66389
1655375916.67014 0.418667 0.907975 0.017304 0.295511 -0.90766 0.418989 -0.024513 0.302542 -0.029507 -0.005443 0.99955 0.663988
1655375916.76877 0.532531 0.845343 0.042494 0.303025 -0.84568 0.533485 -0.014759 0.298504 -0.035147 -0.028077 0.998988 0.665374
1655375916.86977 0.586987 0.808087 0.049409 0.306478 -0.808413 0.588335 -0.018171 0.296097 -0.043752 -0.029276 0.998613 0.666432
1655375916.96829 0.690364 0.721825 0.048653 0.311936 -0.721859 0.691749 -0.020066 0.28999 -0.04814 -0.021268 0.998614 0.669004
1655375917.06973 0.78073 0.622599 0.053213 0.315454 -0.622812 0.782237 -0.014513 0.284206 -0.050661 -0.021811 0.998478 0.671512
1655375917.16976 0.815988 0.575808 0.051082 0.3164 -0.575894 0.817396 -0.014495 0.281586 -0.050101 -0.01759 0.998589 0.672372
1655375917.26986 0.888212 0.455178 0.062389 0.317453 -0.455365 0.890224 -0.01202 0.27716 -0.061011 -0.017733 0.99798 0.673918
1655375917.3694 0.934441 0.352683 0.049347 0.316686 -0.352771 0.935682 -0.007197 0.273834 -0.048712 -0.010683 0.998756 0.674898
1655375917.47102 0.947122 0.317463 0.046652 0.315937 -0.317687 0.948192 -0.002721 0.272791 -0.045099 -0.012244 0.998908 0.676037
1655375917.56919 0.964725 0.258982 0.047255 0.313687 -0.259612 0.965683 0.007596 0.270808 -0.043666 -0.019596 0.998854 0.678572
1655375917.67024 0.974194 0.22295 0.03521 0.312823 -0.223247 0.974751 0.004689 0.270054 -0.033276 -0.012429 0.999369 0.679598
1655375917.76887 0.990866 0.131503 0.02987 0.311696 -0.131494 0.991314 -0.002267 0.269256 -0.029909 -0.001681 0.999551 0.680123
1655375917.86961 0.999171 0.038334 0.013737 0.312588 -0.038677 0.998923 0.025618 0.269649 -0.01274 -0.026128 0.999577 0.680005
1655375917.97043 0.999873 0.003605 0.015518 0.314629 -0.003716 0.999967 0.00717 0.269679 -0.015492 -0.007227 0.999854 0.680303
1655375918.06991 0.996819 -0.039067 -0.069464 0.323738 0.04043 0.999014 0.018319 0.269956 0.06868 -0.02107 0.997416 0.680369
1655375918.17128 0.995802 -0.066298 -0.063111 0.346334 0.067276 0.997643 0.013504 0.270306 0.062067 -0.017693 0.997915 0.680362
1655375918.29635 0.996917 -0.075305 -0.022043 0.382438 0.075557 0.997083 0.010822 0.271171 0.021164 -0.012454 0.999698 0.680749
1655375918.37007 0.996815 -0.07939 -0.007591 0.402124 0.079437 0.996822 0.006036 0.272111 0.007087 -0.00662 0.999953 0.681524
1655375918.4721 0.996494 -0.083087 0.009836 0.423047 0.083063 0.99654 0.002894 0.273488 -0.010042 -0.002067 0.999947 0.682141
1655375918.56921 0.995666 -0.084763 0.038269 0.468001 0.084825 0.996396 2.2e-05 0.277593 -0.038133 0.003224 0.999267 0.684077
1655375918.66939 0.995262 -0.084585 0.047941 0.510871 0.084448 0.996416 0.004886 0.284118 -0.048183 -0.000814 0.998838 0.685343
1655375918.76994 0.99493 -0.087109 0.05027 0.529415 0.087091 0.996197 0.002538 0.287752 -0.0503 0.001853 0.998732 0.685198
1655375918.87018 0.99424 -0.081985 0.069029 0.566375 0.08159 0.99663 0.008521 0.296256 -0.069495 -0.002839 0.997578 0.68384
1655375918.96938 0.988369 -0.081761 0.128223 0.59429 0.078602 0.996469 0.029519 0.305093 -0.130184 -0.019097 0.991306 0.681195
1655375919.0697 0.988907 -0.0821 0.123782 0.602591 0.079924 0.996548 0.022455 0.30872 -0.125199 -0.012312 0.992055 0.679489
1655375919.16967 0.992907 -0.074451 0.092698 0.610282 0.072745 0.997116 0.021653 0.315374 -0.094043 -0.014757 0.995459 0.676822
1655375919.2701 0.994776 -0.073287 0.07106 0.610025 0.072045 0.997203 0.019893 0.318611 -0.07232 -0.01467 0.997274 0.675625
1655375919.37042 0.996753 -0.070752 0.038453 0.606651 0.070223 0.99742 0.014926 0.323872 -0.03941 -0.012177 0.999149 0.673724
1655375919.47055 0.997151 -0.071748 0.023272 0.602747 0.071539 0.997391 0.009677 0.32979 -0.023906 -0.007984 0.999682 0.67343
1655375919.56904 0.997713 -0.066411 0.012607 0.601348 0.06626 0.99773 0.012023 0.332784 -0.013377 -0.01116 0.999848 0.673873
1655375919.67153 0.997685 -0.065157 0.019457 0.601281 0.065017 0.997854 0.007733 0.339734 -0.019919 -0.006451 0.999781 0.675047
1655375919.76983 0.997198 -0.071273 0.02271 0.604112 0.070968 0.997381 0.013948 0.346688 -0.023644 -0.012297 0.999645 0.676158
1655375919.86986 0.997381 -0.069201 0.021053 0.606051 0.068871 0.997497 0.016012 0.349624 -0.022108 -0.01452 0.99965 0.676647
1655375919.96988 0.997065 -0.071399 0.027629 0.611728 0.070843 0.997275 0.020612 0.355722 -0.029026 -0.018594 0.999406 0.678381
1655375920.06981 0.996635 -0.075293 0.032405 0.614833 0.074826 0.997078 0.015407 0.358345 -0.03347 -0.01293 0.999356 0.678693
