0 0 0 0 0 0 0 0 0 0 0 0
1655375873.726000 0.999731 0.018743 0.013657 0.005432 -0.018829 0.999803 0.006216 0.288156 -0.013538 -0.006472 0.999887 0.041667
1655375873.795000 0.999732 0.018720 0.013646 0.005429 -0.018800 0.999807 0.005773 0.288148 -0.013535 -0.006028 0.999890 0.041649
1655375873.854000 0.999729 0.018773 0.013732 0.005432 -0.018856 0.999805 0.005916 0.288158 -0.013618 -0.006173 0.999888 0.041649
1655375873.936000 0.999727 0.019548 0.012806 0.005359 -0.019587 0.999804 0.002924 0.288106 -0.012746 -0.003174 0.999914 0.041773
1655375874.007000 0.999728 0.019479 0.012816 0.005379 -0.019518 0.999805 0.002940 0.288120 -0.012757 -0.003189 0.999914 0.041779
1655375874.066000 0.999747 0.018090 0.013399 0.005470 -0.018188 0.999809 0.007202 0.288186 -0.013266 -0.007444 0.999884 0.041603
1655375874.130000 0.999732 0.018647 0.013748 0.005431 -0.018733 0.999806 0.006139 0.288154 -0.013631 -0.006394 0.999887 0.041649
1655375874.190000 0.999726 0.018895 0.013809 0.005442 -0.018976 0.999803 0.005747 0.288149 -0.013698 -0.006008 0.999888 0.041664
1655375874.253000 0.999722 0.019319 0.013526 0.005403 -0.019389 0.999799 0.005085 0.288132 -0.013425 -0.005345 0.999896 0.041692
1655375874.312000 0.999733 0.018819 0.013401 0.005437 -0.018896 0.999806 0.005624 0.288158 -0.013292 -0.005876 0.999894 0.041648
1655375874.375000 0.999719 0.019570 0.013341 0.005385 -0.019614 0.999803 0.003115 0.288121 -0.013277 -0.003376 0.999906 0.041776
1655375874.436000 0.999730 0.018785 0.013650 0.005436 -0.018862 0.999807 0.005565 0.288147 -0.013542 -0.005821 0.999891 0.041669
1655375874.502000 0.999722 0.019452 0.013321 0.005376 -0.019498 0.999805 0.003281 0.288115 -0.013254 -0.003540 0.999906 0.041778
1655375874.562000 0.999730 0.018914 0.013490 0.005425 -0.018994 0.999803 0.005834 0.288143 -0.013377 -0.006089 0.999892 0.041650
1655375874.622000 0.999722 0.019723 0.012893 0.005368 -0.019759 0.999801 0.002688 0.288100 -0.012838 -0.002942 0.999913 0.041788
1655375874.684000 0.999724 0.019166 0.013622 0.005430 -0.019246 0.999798 0.005762 0.288149 -0.013509 -0.006022 0.999891 0.041654
1655375874.744000 0.999729 0.018701 0.013853 0.005425 -0.018790 0.999803 0.006324 0.288156 -0.013732 -0.006583 0.999884 0.041659
1655375874.807000 0.999777 0.017403 0.011952 0.005591 -0.017518 0.999801 0.009558 0.288293 -0.011783 -0.009766 0.999883 0.041532
1655375874.868000 0.999721 0.018974 0.014094 0.005567 -0.019150 0.999739 0.012444 0.288796 -0.013854 -0.012711 0.999823 0.041657
1655375874.928000 0.999400 0.033268 0.009594 0.006082 -0.033210 0.999430 -0.006111 0.289464 -0.009792 0.005789 0.999935 0.042526
1655375874.990000 0.998482 0.053457 0.013238 0.007394 -0.052341 0.995903 -0.073742 0.291488 -0.017125 0.072938 0.997189 0.049774
1655375875.052000 0.996010 0.086055 -0.023629 0.010487 -0.087703 0.992849 -0.080992 0.297499 0.016490 0.082741 0.996435 0.070379
1655375875.117000 0.991695 0.113340 -0.060790 0.015911 -0.114625 0.993244 -0.018079 0.306540 0.058330 0.024897 0.997987 0.096832
1655375875.174000 0.990187 0.137391 -0.025569 0.025817 -0.137124 0.990482 0.011923 0.318244 0.026964 -0.008300 0.999602 0.133854
1655375875.237000 0.988959 0.147883 0.009546 0.037035 -0.148181 0.987583 0.052183 0.328043 -0.001711 -0.053021 0.998592 0.169759
1655375875.298000 0.988931 0.143054 0.039372 0.048835 -0.146146 0.984971 0.092055 0.336238 -0.025611 -0.096790 0.994975 0.208558
1655375875.362000 0.988496 0.143174 0.048748 0.061960 -0.147046 0.985186 0.088240 0.341591 -0.035392 -0.094393 0.994906 0.254822
1655375875.421000 0.988768 0.134596 0.064968 0.072695 -0.139846 0.986564 0.084469 0.342934 -0.052726 -0.092606 0.994306 0.296851
1655375875.483000 0.989923 0.128497 0.059501 0.082267 -0.132764 0.988354 0.074367 0.341516 -0.049253 -0.081517 0.995454 0.339717
1655375875.547000 0.991985 0.111368 0.059691 0.092038 -0.114604 0.991951 0.053835 0.337621 -0.053215 -0.060245 0.996764 0.388274
1655375875.605000 0.993491 0.100998 0.052679 0.099658 -0.103562 0.993443 0.048442 0.332516 -0.047441 -0.053582 0.997436 0.428933
1655375875.666000 0.995129 0.086524 0.047245 0.107693 -0.088625 0.995077 0.044351 0.325668 -0.043175 -0.048322 0.997898 0.472467
1655375875.727000 0.995949 0.076442 0.047345 0.114293 -0.077686 0.996664 0.025010 0.318693 -0.045276 -0.028587 0.998565 0.507155
1655375875.791000 0.996755 0.066470 0.045394 0.120613 -0.066522 0.997785 -0.000373 0.311747 -0.045318 -0.002648 0.998969 0.538308
1655375875.851000 0.996708 0.063447 0.050466 0.127249 -0.063581 0.997976 0.001051 0.304137 -0.050297 -0.004256 0.998725 0.569486
1655375875.914000 0.997405 0.053844 0.047800 0.132357 -0.053807 0.998549 -0.002055 0.298129 -0.047841 -0.000523 0.998855 0.593762
1655375875.977000 0.998080 0.048308 0.038752 0.137251 -0.047761 0.998747 -0.014924 0.292983 -0.039424 0.013045 0.999137 0.614217
1655375876.036000 0.998313 0.043815 0.038097 0.142896 -0.043276 0.998952 -0.014875 0.288321 -0.038708 0.013201 0.999163 0.633747
1655375876.098000 0.998500 0.042476 0.034538 0.147244 -0.042142 0.999058 -0.010339 0.285141 -0.034945 0.008868 0.999350 0.648286
1655375876.159000 0.998619 0.041709 0.031945 0.152442 -0.041313 0.999062 -0.012947 0.282430 -0.032455 0.011610 0.999406 0.661740
1655375876.221000 0.998555 0.040618 0.035198 0.156975 -0.040466 0.999168 -0.004994 0.281331 -0.035371 0.003563 0.999368 0.671795
1655375876.282000 0.998404 0.035999 0.043505 0.161490 -0.036450 0.999289 0.009620 0.280841 -0.043127 -0.011191 0.999007 0.679855
1655375876.344000 0.998501 0.040383 0.036953 0.166365 -0.040741 0.999129 0.008991 0.280431 -0.036558 -0.010483 0.999277 0.687540
1655375876.406000 0.998629 0.038413 0.035570 0.170511 -0.038998 0.999113 0.015898 0.280553 -0.034928 -0.017263 0.999241 0.692905
1655375876.467000 0.998573 0.039641 0.035797 0.175315 -0.040195 0.999081 0.014910 0.280418 -0.035173 -0.016328 0.999248 0.697611
1655375876.529000 0.998350 0.043220 0.037800 0.179337 -0.043745 0.998956 0.013160 0.280146 -0.037191 -0.014792 0.999199 0.701126
1655375876.592000 0.998303 0.045159 0.036762 0.183192 -0.045878 0.998767 0.018951 0.280147 -0.035861 -0.020606 0.999144 0.704337
1655375876.652000 0.998109 0.048822 0.037336 0.187538 -0.049592 0.998570 0.019957 0.279882 -0.036308 -0.021771 0.999103 0.708078
1655375876.712000 0.998590 0.048549 0.021451 0.191554 -0.048783 0.998754 0.010545 0.279669 -0.020912 -0.011577 0.999714 0.711220
1655375876.776000 0.998052 0.053200 -0.032582 0.195717 -0.052758 0.998505 0.014280 0.279256 0.033293 -0.012533 0.999367 0.714239
1655375876.835000 0.997061 0.052963 -0.055358 0.203275 -0.052129 0.998506 0.016393 0.279047 0.056144 -0.013459 0.998332 0.717664
1655375876.899000 0.997420 0.052704 -0.048749 0.212812 -0.052309 0.998587 0.009344 0.278780 0.049173 -0.006770 0.998767 0.720889
1655375876.958000 0.997356 0.054328 -0.048269 0.227019 -0.053703 0.998457 0.014150 0.278568 0.048964 -0.011521 0.998734 0.724301
1655375877.019000 0.997912 0.051940 -0.038389 0.242313 -0.051271 0.998519 0.018219 0.278485 0.039279 -0.016213 0.999097 0.727047
1655375877.083000 0.998476 0.049722 -0.023939 0.259719 -0.049291 0.998617 0.018288 0.278479 0.024815 -0.017081 0.999546 0.729384
1655375877.143000 0.998818 0.048466 -0.003588 0.281434 -0.048385 0.998627 0.020055 0.278283 0.004555 -0.019857 0.999792 0.732574
1655375877.205000 0.998914 0.045316 0.010826 0.301625 -0.045519 0.998777 0.019301 0.278274 -0.009938 -0.019773 0.999755 0.734873
1655375877.268000 0.998601 0.042682 0.031229 0.322218 -0.043313 0.998865 0.019824 0.278103 -0.030347 -0.021149 0.999316 0.736927
1655375877.328000 0.998248 0.041126 0.042534 0.345263 -0.041856 0.998989 0.016421 0.278044 -0.041816 -0.018172 0.998960 0.739464
1655375877.389000 0.998573 0.037646 0.037875 0.365126 -0.038086 0.999214 0.010963 0.278013 -0.037432 -0.012390 0.999222 0.741130
1655375877.450000 0.998008 0.036778 0.051262 0.384133 -0.037569 0.999188 0.014547 0.278028 -0.050686 -0.016444 0.998579 0.742732
1655375877.510000 0.997980 0.040448 0.048981 0.405061 -0.041257 0.999026 0.015623 0.278025 -0.048301 -0.017612 0.998678 0.743920
1655375877.573000 0.997864 0.035096 0.055093 0.422688 -0.036062 0.999211 0.016642 0.278106 -0.054465 -0.018593 0.998343 0.744538
1655375877.635000 0.998008 0.038319 0.050115 0.441247 -0.038968 0.999168 0.012028 0.278291 -0.049612 -0.013957 0.998671 0.745705
1655375877.695000 0.998238 0.038349 0.045286 0.456805 -0.039002 0.999146 0.013614 0.278393 -0.044726 -0.015356 0.998881 0.746556
1655375877.758000 0.998598 0.034536 0.040126 0.472065 -0.034922 0.999350 0.008954 0.278720 -0.039790 -0.010343 0.999155 0.747530
1655375877.820000 0.998547 0.036750 0.039423 0.488464 -0.037176 0.999257 0.010135 0.279242 -0.039022 -0.011586 0.999171 0.748198
1655375877.884000 0.998805 0.035084 0.034016 0.502568 -0.035690 0.999212 0.017358 0.279740 -0.033380 -0.018552 0.999271 0.748645
1655375877.941000 0.999084 0.035076 0.024520 0.516371 -0.035385 0.999298 0.012302 0.280300 -0.024071 -0.013158 0.999624 0.748988
1655375878.005000 0.999056 0.035969 0.024343 0.532484 -0.036226 0.999292 0.010187 0.281168 -0.023960 -0.011060 0.999652 0.749094
1655375878.068000 0.999212 0.034329 0.019903 0.546437 -0.034567 0.999333 0.011754 0.281767 -0.019486 -0.012433 0.999733 0.749038
1655375878.126000 0.999181 0.035656 0.019120 0.562434 -0.035883 0.999288 0.011691 0.282533 -0.018689 -0.012367 0.999749 0.749250
1655375878.188000 0.999074 0.035895 0.023710 0.576921 -0.036237 0.999242 0.014194 0.283211 -0.023182 -0.015040 0.999618 0.749270
1655375878.254000 0.999197 0.032863 0.022919 0.591512 -0.033221 0.999329 0.015399 0.283993 -0.022398 -0.016148 0.999619 0.749766
1655375878.311000 0.999095 0.034536 0.024842 0.608218 -0.034954 0.999251 0.016592 0.284982 -0.024251 -0.017446 0.999554 0.749941
1655375878.373000 0.999183 0.032382 0.024184 0.622857 -0.032811 0.999307 0.017583 0.285563 -0.023598 -0.018362 0.999553 0.749776
1655375878.434000 0.998946 0.034366 0.030429 0.639765 -0.034989 0.999184 0.020171 0.286348 -0.029711 -0.021214 0.999333 0.749556
1655375878.498000 0.999000 0.036679 0.025565 0.654490 -0.037081 0.999193 0.015422 0.286673 -0.024979 -0.016355 0.999554 0.749027
1655375878.561000 0.998922 0.037098 0.027913 0.669032 -0.037684 0.999074 0.020770 0.287151 -0.027117 -0.021799 0.999395 0.748773
1655375878.619000 0.999021 0.037392 0.023620 0.685717 -0.037742 0.999182 0.014523 0.287546 -0.023057 -0.015400 0.999616 0.748698
1655375878.682000 0.998786 0.040688 0.027785 0.700337 -0.041151 0.999020 0.016309 0.287543 -0.027094 -0.017433 0.999481 0.748590
1655375878.742000 0.999034 0.033892 0.027978 0.716929 -0.034367 0.999270 0.016679 0.287821 -0.027392 -0.017624 0.999469 0.748578
1655375878.806000 0.999078 0.034840 0.025099 0.731470 -0.035297 0.999215 0.017979 0.287661 -0.024453 -0.018848 0.999523 0.748679
1655375878.868000 0.999156 0.031105 0.026824 0.746010 -0.031556 0.999365 0.016534 0.287800 -0.026293 -0.017367 0.999503 0.748856
1655375878.929000 0.999060 0.037986 0.020872 0.762639 -0.038429 0.999036 0.021221 0.287252 -0.020046 -0.022003 0.999557 0.748874
1655375878.992000 0.999316 0.033410 0.015833 0.777343 -0.033716 0.999243 0.019432 0.287009 -0.015172 -0.019952 0.999686 0.748666
1655375879.050000 0.999377 0.031388 0.016163 0.794448 -0.031643 0.999375 0.015778 0.286526 -0.015657 -0.016279 0.999745 0.748401
1655375879.111000 0.999117 0.033649 0.025165 0.809604 -0.034168 0.999206 0.020492 0.285894 -0.024455 -0.021333 0.999473 0.747620
1655375879.175000 0.999224 0.034255 0.019440 0.824664 -0.034540 0.999298 0.014477 0.285324 -0.018931 -0.015137 0.999706 0.746519
1655375879.234000 0.999161 0.034955 0.021323 0.842283 -0.035318 0.999234 0.016852 0.284811 -0.020717 -0.017590 0.999631 0.745141
1655375879.296000 0.999030 0.034467 0.027391 0.857799 -0.034969 0.999225 0.018073 0.284358 -0.026746 -0.019013 0.999461 0.743594
1655375879.358000 0.999114 0.033008 0.026105 0.873355 -0.033413 0.999326 0.015202 0.283840 -0.025586 -0.016060 0.999544 0.742407
1655375879.419000 0.998984 0.033207 0.030472 0.891046 -0.033663 0.999327 0.014580 0.283252 -0.029967 -0.015591 0.999429 0.740671
1655375879.483000 0.999134 0.030378 0.028437 0.906461 -0.030790 0.999426 0.014141 0.282721 -0.027991 -0.015004 0.999496 0.739099
1655375879.542000 0.998997 0.032449 0.030841 0.923946 -0.032868 0.999373 0.013178 0.282412 -0.030394 -0.014178 0.999437 0.737531
1655375879.603000 0.999017 0.034097 0.028333 0.939024 -0.034421 0.999347 0.011031 0.281776 -0.027939 -0.011995 0.999538 0.736186
1655375879.667000 0.999046 0.036456 0.024039 0.954270 -0.036749 0.999254 0.011873 0.281588 -0.023588 -0.012745 0.999641 0.735145
1655375879.725000 0.999065 0.034486 0.026074 0.971487 -0.034932 0.999248 0.016830 0.281368 -0.025474 -0.017725 0.999518 0.734094
1655375879.787000 0.999083 0.035692 0.023655 0.986625 -0.036055 0.999236 0.015098 0.281236 -0.023098 -0.015938 0.999606 0.733751
1655375879.851000 0.999139 0.035468 0.021533 1.001699 -0.035755 0.999275 0.013063 0.280954 -0.021054 -0.013822 0.999683 0.733670
1655375879.912000 0.998888 0.037805 0.028179 1.018906 -0.038350 0.999082 0.019081 0.280710 -0.027432 -0.020140 0.999421 0.733526
1655375879.971000 0.998915 0.040716 0.022584 1.034252 -0.041033 0.999063 0.013733 0.280451 -0.022004 -0.014645 0.999651 0.733359
1655375880.033000 0.998919 0.038458 0.026127 1.051431 -0.038895 0.999108 0.016424 0.280104 -0.025472 -0.017422 0.999524 0.732904
1655375880.096000 0.999128 0.037906 0.017525 1.066586 -0.038189 0.999141 0.016116 0.279594 -0.016899 -0.016771 0.999717 0.732365
1655375880.156000 0.998996 0.035963 0.026717 1.081920 -0.036375 0.999224 0.015127 0.279190 -0.026152 -0.016084 0.999529 0.731970
1655375880.217000 0.999100 0.031440 0.028471 1.099404 -0.031754 0.999439 0.010648 0.278662 -0.028121 -0.011543 0.999538 0.731590
1655375880.280000 0.999138 0.033357 0.024726 1.114878 -0.033670 0.999357 0.012365 0.278041 -0.024298 -0.013187 0.999618 0.731261
1655375880.342000 0.999248 0.030850 0.023472 1.130265 -0.031030 0.999491 0.007369 0.277889 -0.023233 -0.008092 0.999697 0.730918
1655375880.401000 0.999161 0.029456 0.028443 1.147860 -0.029883 0.999445 0.014730 0.277718 -0.027993 -0.015568 0.999487 0.730350
1655375880.462000 0.999198 0.030943 0.025402 1.163414 -0.031282 0.999425 0.013058 0.277467 -0.024984 -0.013843 0.999592 0.729728
1655375880.525000 0.999245 0.029401 0.025384 1.178776 -0.029836 0.999411 0.016943 0.277490 -0.024870 -0.017688 0.999534 0.729131
1655375880.585000 0.999313 0.028670 0.023491 1.196686 -0.029039 0.999457 0.015542 0.277032 -0.023033 -0.016214 0.999603 0.728144
1655375880.648000 0.999232 0.028803 0.026583 1.212397 -0.029220 0.999454 0.015435 0.276763 -0.026124 -0.016200 0.999527 0.727034
1655375880.708000 0.999362 0.027610 0.022642 1.228207 -0.027972 0.999483 0.015823 0.276668 -0.022194 -0.016446 0.999618 0.726218
1655375880.769000 0.999432 0.024651 0.022969 1.246229 -0.024992 0.999580 0.014650 0.276327 -0.022599 -0.015216 0.999629 0.725291
1655375880.834000 0.999469 0.024080 0.021934 1.262196 -0.024374 0.999615 0.013243 0.276156 -0.021607 -0.013770 0.999672 0.724400
1655375880.895000 0.999426 0.023660 0.024230 1.280331 -0.024013 0.999608 0.014370 0.275646 -0.023881 -0.014944 0.999603 0.723150
1655375880.953000 0.999369 0.023638 0.026506 1.296203 -0.024001 0.999621 0.013494 0.275475 -0.026177 -0.014122 0.999558 0.722275
1655375881.015000 0.999448 0.023157 0.023811 1.312127 -0.023504 0.999620 0.014403 0.275141 -0.023469 -0.014955 0.999613 0.721131
1655375881.076000 0.999230 0.026245 0.029173 1.329999 -0.026699 0.999527 0.015276 0.274929 -0.028758 -0.016043 0.999458 0.719257
1655375881.141000 0.999465 0.022932 0.023322 1.345871 -0.023238 0.999646 0.012922 0.274854 -0.023017 -0.013457 0.999645 0.717667
1655375881.199000 0.999341 0.026418 0.024875 1.361733 -0.026719 0.999573 0.011835 0.274741 -0.024552 -0.012492 0.999621 0.715791
1655375881.261000 0.999328 0.031837 0.018172 1.379708 -0.032138 0.999347 0.016507 0.274766 -0.017635 -0.017080 0.999699 0.713932
1655375881.322000 0.999535 0.027801 0.012560 1.395797 -0.027985 0.999501 0.014680 0.274571 -0.012146 -0.015025 0.999813 0.712828
1655375881.385000 0.999346 0.031655 0.017490 1.414545 -0.031913 0.999383 0.014668 0.274520 -0.017015 -0.015217 0.999739 0.712059
1655375881.449000 0.999365 0.031348 0.016947 1.430976 -0.031673 0.999312 0.019281 0.274561 -0.016331 -0.019805 0.999670 0.711963
1655375881.507000 0.999443 0.029570 0.015473 1.447613 -0.029815 0.999429 0.015905 0.274115 -0.014994 -0.016357 0.999754 0.711847
1655375881.569000 0.999284 0.032233 0.019798 1.467148 -0.032602 0.999295 0.018620 0.273882 -0.019184 -0.019252 0.999631 0.711694
1655375881.635000 0.999280 0.031731 0.020807 1.484219 -0.032066 0.999358 0.015988 0.273560 -0.020286 -0.016644 0.999656 0.711642
1655375881.694000 0.999131 0.034805 0.022912 1.504053 -0.035242 0.999200 0.018931 0.272988 -0.022235 -0.019722 0.999558 0.711424
1655375881.753000 0.998877 0.040712 0.024251 1.521463 -0.041195 0.998956 0.019764 0.272236 -0.023421 -0.020741 0.999511 0.711162
1655375881.816000 0.999073 0.036234 0.023261 1.538913 -0.036691 0.999136 0.019519 0.271310 -0.022534 -0.020355 0.999539 0.710876
1655375881.877000 0.999079 0.038001 0.019938 1.558828 -0.038344 0.999118 0.017141 0.269986 -0.019269 -0.017890 0.999654 0.710518
1655375881.938000 0.999198 0.037146 0.014940 1.576304 -0.037335 0.999224 0.012563 0.269001 -0.014462 -0.013111 0.999809 0.710462
1655375881.999000 0.999202 0.032744 0.022870 1.594127 -0.032974 0.999408 0.009771 0.267992 -0.022536 -0.010518 0.999691 0.710245
1655375882.061000 0.999307 0.032264 0.018577 1.614435 -0.032411 0.999445 0.007653 0.266511 -0.018319 -0.008249 0.999798 0.710256
1655375882.124000 0.999339 0.029557 0.021167 1.632195 -0.029775 0.999506 0.010071 0.265832 -0.020859 -0.010695 0.999725 0.710164
1655375882.184000 0.999182 0.035447 0.019478 1.652457 -0.035619 0.999329 0.008557 0.264647 -0.019161 -0.009244 0.999774 0.709768
1655375882.249000 0.999296 0.030490 0.021838 1.670260 -0.030773 0.999445 0.012739 0.263723 -0.021437 -0.013402 0.999680 0.709306
1655375882.308000 0.999207 0.031652 0.024161 1.687673 -0.031982 0.999399 0.013403 0.262579 -0.023722 -0.014166 0.999618 0.708539
1655375882.370000 0.999255 0.032423 0.020952 1.708008 -0.032661 0.999405 0.011115 0.261728 -0.020580 -0.011791 0.999719 0.707687
1655375882.433000 0.999130 0.031949 0.026796 1.725598 -0.032319 0.999387 0.013462 0.260819 -0.026349 -0.014316 0.999550 0.706762
1655375882.494000 0.999397 0.030122 0.017294 1.743094 -0.030251 0.999516 0.007240 0.260094 -0.017068 -0.007759 0.999824 0.706020
1655375882.554000 0.999264 0.030771 0.022890 1.763042 -0.031096 0.999419 0.013981 0.259165 -0.022446 -0.014683 0.999640 0.705163
1655375882.617000 0.999356 0.028349 0.022007 1.780424 -0.028513 0.999568 0.007176 0.258608 -0.021794 -0.007799 0.999732 0.704464
1655375882.677000 0.999323 0.031341 0.019276 1.800230 -0.031543 0.999450 0.010280 0.257970 -0.018944 -0.010881 0.999761 0.703840
1655375882.737000 0.999358 0.030189 0.019295 1.817650 -0.030414 0.999472 0.011472 0.257657 -0.018938 -0.012052 0.999748 0.703495
1655375882.798000 0.999138 0.032931 0.025284 1.835176 -0.033364 0.999300 0.016901 0.257007 -0.024709 -0.017730 0.999537 0.703407
1655375882.860000 0.999281 0.032404 0.019689 1.855133 -0.032621 0.999410 0.010778 0.256662 -0.019328 -0.011413 0.999748 0.703429
1655375882.925000 0.999299 0.031761 0.019803 1.872535 -0.031948 0.999447 0.009237 0.256273 -0.019498 -0.009863 0.999761 0.703711
1655375882.982000 0.999236 0.028762 0.026450 1.889802 -0.029148 0.999473 0.014321 0.256151 -0.026024 -0.015081 0.999548 0.703986
1655375883.045000 0.999281 0.030401 0.022676 1.909637 -0.030725 0.999429 0.014068 0.255513 -0.022235 -0.014754 0.999644 0.704050
1655375883.108000 0.999257 0.032717 0.020363 1.927192 -0.032947 0.999396 0.011057 0.255333 -0.019989 -0.011720 0.999732 0.704249
1655375883.167000 0.999228 0.029332 0.026134 1.947331 -0.029809 0.999393 0.018044 0.255271 -0.025588 -0.018809 0.999496 0.704121
1655375883.231000 0.999370 0.029586 0.019611 1.964487 -0.029847 0.999468 0.013130 0.255099 -0.019212 -0.013707 0.999721 0.703766
1655375883.293000 0.999190 0.029412 0.027457 1.981849 -0.029905 0.999396 0.017717 0.254459 -0.026919 -0.018524 0.999466 0.703113
1655375883.352000 0.999281 0.029749 0.023499 2.001579 -0.030091 0.999444 0.014340 0.254398 -0.023060 -0.015037 0.999621 0.702377
1655375883.414000 0.999225 0.028826 0.026821 2.018398 -0.029433 0.999313 0.022508 0.254320 -0.026154 -0.023280 0.999387 0.701219
1655375883.477000 0.999137 0.029220 0.029537 2.035398 -0.029804 0.999365 0.019511 0.253772 -0.028948 -0.020375 0.999373 0.699942
1655375883.535000 0.999256 0.027047 0.027500 2.054480 -0.027617 0.999407 0.020565 0.253034 -0.026927 -0.021309 0.999410 0.698619
1655375883.597000 0.999090 0.024320 0.035044 2.070907 -0.025289 0.999303 0.027473 0.252259 -0.034352 -0.028334 0.999008 0.697679
1655375883.658000 0.999253 0.026509 0.028128 2.089414 -0.027114 0.999404 0.021372 0.250855 -0.027544 -0.022119 0.999376 0.697600
1655375883.719000 0.999433 0.023045 0.024552 2.105634 -0.023471 0.999577 0.017199 0.249536 -0.024145 -0.017766 0.999551 0.697799
1655375883.782000 0.999556 0.023746 0.018023 2.121387 -0.023914 0.999672 0.009181 0.248156 -0.017799 -0.009608 0.999795 0.698154
1655375883.844000 0.999670 0.018529 0.017788 2.139677 -0.018590 0.999822 0.003242 0.246813 -0.017725 -0.003572 0.999837 0.698277
1655375883.904000 0.999683 0.013967 0.020970 2.155712 -0.014189 0.999845 0.010464 0.245580 -0.020821 -0.010758 0.999725 0.697979
1655375883.967000 0.999636 0.017708 0.020351 2.171702 -0.017912 0.999791 0.009844 0.244612 -0.020172 -0.010205 0.999744 0.697377
1655375884.027000 0.999620 0.021580 0.017141 2.189776 -0.021717 0.999733 0.007831 0.243824 -0.016968 -0.008200 0.999822 0.696106
1655375884.090000 0.999496 0.021656 0.023197 2.206001 -0.021876 0.999717 0.009296 0.243062 -0.022989 -0.009799 0.999688 0.694596
1655375884.151000 0.999620 0.023646 0.014159 2.222035 -0.023795 0.999663 0.010421 0.242431 -0.013907 -0.010754 0.999845 0.692838
1655375884.212000 0.999476 0.025545 0.019858 2.240607 -0.025795 0.999590 0.012446 0.241726 -0.019532 -0.012952 0.999725 0.691103
1655375884.272000 0.999504 0.026540 0.016971 2.257062 -0.026763 0.999557 0.013058 0.241200 -0.016617 -0.013506 0.999771 0.689729
1655375884.336000 0.999468 0.026650 0.018780 2.275770 -0.026889 0.999559 0.012564 0.240328 -0.018437 -0.013062 0.999745 0.688262
1655375884.399000 0.999486 0.026104 0.018619 2.292197 -0.026407 0.999519 0.016252 0.239955 -0.018186 -0.016735 0.999695 0.687061
1655375884.459000 0.999450 0.026001 0.020604 2.308604 -0.026328 0.999529 0.015769 0.239342 -0.020184 -0.016303 0.999663 0.685911
1655375884.520000 0.999636 0.021812 0.015878 2.327353 -0.021994 0.999693 0.011387 0.238010 -0.015624 -0.011732 0.999809 0.684826
1655375884.584000 0.999646 0.022753 0.013774 2.343855 -0.022923 0.999661 0.012307 0.237353 -0.013489 -0.012618 0.999829 0.684117
1655375884.642000 0.999531 0.020834 0.022448 2.360382 -0.021191 0.999651 0.015803 0.236768 -0.022111 -0.016272 0.999623 0.683641
1655375884.702000 0.999498 0.021304 0.023436 2.379443 -0.021607 0.999685 0.012748 0.235688 -0.023157 -0.013248 0.999644 0.683370
1655375884.764000 0.999375 0.030211 0.018353 2.396088 -0.030452 0.999452 0.012986 0.235206 -0.017951 -0.013537 0.999747 0.683131
1655375884.825000 0.999351 0.025265 0.025692 2.414844 -0.025643 0.999566 0.014478 0.234465 -0.025315 -0.015127 0.999565 0.682671
1655375884.890000 0.999507 0.025284 0.018604 2.431348 -0.025562 0.999563 0.014839 0.233837 -0.018220 -0.015307 0.999717 0.682499
1655375884.949000 0.999441 0.025064 0.022109 2.447885 -0.025351 0.999597 0.012794 0.233237 -0.021779 -0.013347 0.999674 0.681840
1655375885.010000 0.999346 0.025373 0.025771 2.466068 -0.025670 0.999607 0.011265 0.232605 -0.025475 -0.011920 0.999604 0.681040
1655375885.071000 0.999326 0.023528 0.028189 2.482083 -0.024114 0.999496 0.020624 0.232126 -0.027689 -0.021290 0.999390 0.680143
1655375885.133000 0.999419 0.028178 0.019198 2.498235 -0.028483 0.999470 0.015789 0.231401 -0.018743 -0.016327 0.999691 0.679247
1655375885.196000 0.998268 0.027478 0.052024 2.516308 -0.028083 0.999546 0.010934 0.230335 -0.051700 -0.012376 0.998586 0.678367
1655375885.254000 0.994053 0.034444 0.103307 2.530989 -0.035478 0.999337 0.008189 0.229744 -0.102956 -0.011805 0.994616 0.677822
1655375885.319000 0.994031 0.033990 0.103668 2.543133 -0.036735 0.999020 0.024678 0.229202 -0.102728 -0.028339 0.994306 0.676921
1655375885.377000 0.994054 0.030135 0.104632 2.553863 -0.032143 0.999329 0.017554 0.227989 -0.104033 -0.020813 0.994356 0.675628
1655375885.439000 0.995211 0.015448 0.096526 2.560424 -0.017374 0.999666 0.019147 0.227273 -0.096197 -0.020732 0.995146 0.675019
1655375885.501000 0.997087 -0.015258 0.074727 2.564967 0.014035 0.999759 0.016859 0.226228 -0.074966 -0.015761 0.997062 0.673974
1655375885.562000 0.995920 -0.054923 0.071595 2.567210 0.054267 0.998465 0.011075 0.225485 -0.072093 -0.007145 0.997372 0.673389
1655375885.624000 0.993560 -0.099198 0.054760 2.568199 0.098753 0.995054 0.010785 0.225260 -0.055559 -0.005308 0.998441 0.673053
1655375885.685000 0.986529 -0.158223 0.041538 2.567945 0.157781 0.987379 0.013744 0.225081 -0.043189 -0.007005 0.999042 0.672681
1655375885.749000 0.976896 -0.212256 0.024919 2.567374 0.211649 0.977029 0.024897 0.225187 -0.029631 -0.019047 0.999379 0.672312
1655375885.808000 0.962168 -0.271780 0.019191 2.566689 0.271213 0.962119 0.027776 0.225518 -0.026013 -0.021520 0.999430 0.672341
1655375885.873000 0.942924 -0.332090 0.024716 2.566319 0.331200 0.942941 0.034202 0.225784 -0.034664 -0.024064 0.999109 0.672842
1655375885.933000 0.920291 -0.391000 0.013549 2.565787 0.390389 0.920026 0.033884 0.225834 -0.025714 -0.025894 0.999334 0.672827
1655375885.992000 0.890544 -0.454872 0.004858 2.565970 0.454313 0.889889 0.041194 0.225220 -0.023061 -0.034477 0.999139 0.672697
1655375886.055000 0.860466 -0.509503 0.002042 2.566484 0.509047 0.859853 0.039035 0.224905 -0.021644 -0.032549 0.999236 0.672750
1655375886.120000 0.826426 -0.563007 -0.006531 2.567673 0.562687 0.825430 0.045270 0.224191 -0.020096 -0.041087 0.998953 0.672523
1655375886.180000 0.784260 -0.620426 -0.002948 2.569636 0.619758 0.783177 0.050343 0.223139 -0.028925 -0.041309 0.998728 0.672190
1655375886.239000 0.743142 -0.669081 0.008405 2.571927 0.667703 0.742316 0.056036 0.221672 -0.043732 -0.036031 0.998393 0.671814
1655375886.300000 0.692554 -0.721356 0.003834 2.574533 0.720391 0.691884 0.048296 0.219962 -0.037491 -0.030686 0.998826 0.671120
1655375886.362000 0.645704 -0.763586 -0.001439 2.576518 0.762729 0.644888 0.048626 0.218116 -0.036202 -0.032496 0.998816 0.670197
1655375886.423000 0.597981 -0.801371 0.014907 2.578398 0.800247 0.597979 0.044997 0.216079 -0.044973 -0.014978 0.998876 0.669276
1655375886.484000 0.538672 -0.841933 0.031341 2.580255 0.840391 0.539581 0.050937 0.213863 -0.059796 -0.001099 0.998210 0.668284
1655375886.548000 0.484330 -0.874502 0.025904 2.580273 0.873353 0.485021 0.044825 0.212003 -0.051763 0.000913 0.998659 0.667251
1655375886.607000 0.434588 -0.900323 0.023485 2.579239 0.899021 0.435222 0.048404 0.210060 -0.053800 0.000078 0.998552 0.666381
1655375886.672000 0.374208 -0.927321 0.006571 2.577086 0.925728 0.373965 0.056377 0.207634 -0.054737 -0.015014 0.998388 0.665853
1655375886.733000 0.335199 -0.942146 -0.001395 2.574396 0.940201 0.334411 0.064746 0.205389 -0.060533 -0.023014 0.997901 0.665395
1655375886.795000 0.296299 -0.955095 -0.000768 2.570790 0.953071 0.295618 0.065309 0.201922 -0.062150 -0.020083 0.997865 0.665651
1655375886.854000 0.273236 -0.961916 -0.007757 2.567148 0.960325 0.272298 0.060244 0.198285 -0.055837 -0.023910 0.998154 0.666262
1655375886.917000 0.243080 -0.969978 -0.007429 2.563295 0.968543 0.242285 0.056766 0.194388 -0.053262 -0.020994 0.998360 0.667365
1655375886.977000 0.206030 -0.978477 -0.011562 2.558215 0.977732 0.205362 0.043209 0.189536 -0.039905 -0.020207 0.998999 0.668768
1655375887.039000 0.165590 -0.986030 -0.018035 2.553262 0.985329 0.164650 0.044918 0.185565 -0.041321 -0.025208 0.998828 0.670419
1655375887.103000 0.126544 -0.991738 -0.021031 2.547626 0.991407 0.125737 0.036074 0.181407 -0.033132 -0.025415 0.999128 0.672282
1655375887.162000 0.095299 -0.995322 -0.015908 2.542237 0.995156 0.094871 0.025762 0.178073 -0.024132 -0.018286 0.999542 0.673336
1655375887.227000 0.078398 -0.996675 -0.022197 2.536943 0.996228 0.079155 -0.035564 0.176058 0.037202 -0.019325 0.999121 0.674451
1655375887.286000 0.058996 -0.998037 -0.020994 2.530723 0.996642 0.060084 -0.055637 0.176814 0.056789 -0.017641 0.998230 0.675445
1655375887.350000 0.038114 -0.999018 -0.022606 2.525188 0.997274 0.039458 -0.062346 0.180810 0.063177 -0.020168 0.997799 0.676965
1655375887.411000 0.042652 -0.998882 -0.020408 2.519167 0.997327 0.043781 -0.058498 0.188499 0.059326 -0.017858 0.998079 0.677131
1655375887.469000 0.041174 -0.998820 -0.025768 2.512539 0.998400 0.042129 -0.037713 0.200503 0.038754 -0.024174 0.998956 0.678364
1655375887.532000 0.034153 -0.999161 -0.022609 2.506345 0.999350 0.034403 -0.010748 0.214023 0.011517 -0.022227 0.999687 0.679359
1655375887.592000 0.033295 -0.999090 -0.026671 2.499583 0.999446 0.033282 0.000918 0.231233 -0.000029 -0.026687 0.999644 0.680838
1655375887.653000 0.026893 -0.999388 -0.022379 2.493339 0.999527 0.026550 0.015505 0.247636 -0.014902 -0.022785 0.999629 0.681204
1655375887.717000 0.026754 -0.999196 -0.029858 2.486925 0.999220 0.025862 0.029858 0.264724 -0.029062 -0.030634 0.999108 0.681286
1655375887.776000 0.023301 -0.999377 -0.026524 2.480125 0.999135 0.022365 0.035067 0.284449 -0.034452 -0.027318 0.999033 0.680583
1655375887.840000 0.027677 -0.999217 -0.028259 2.474287 0.998633 0.026385 0.045119 0.301222 -0.044338 -0.029469 0.998582 0.680122
1655375887.899000 0.029004 -0.999202 -0.027448 2.467957 0.998313 0.027575 0.051087 0.318039 -0.050289 -0.028883 0.998317 0.678332
1655375887.963000 0.025526 -0.999493 -0.019025 2.461649 0.998490 0.024565 0.049134 0.336030 -0.048642 -0.020250 0.998611 0.677596
1655375888.024000 0.029747 -0.999227 -0.025706 2.455911 0.998439 0.028487 0.048044 0.351451 -0.047274 -0.027095 0.998514 0.676341
1655375888.084000 0.021672 -0.999359 -0.028484 2.449978 0.999170 0.020667 0.035103 0.366402 -0.034492 -0.029221 0.998978 0.675195
1655375888.146000 0.030987 -0.999216 -0.024630 2.443488 0.998672 0.029936 0.041935 0.383272 -0.041165 -0.025897 0.998817 0.673748
1655375888.206000 0.033410 -0.998972 -0.030643 2.437711 0.998775 0.032252 0.037525 0.397820 -0.036498 -0.031859 0.998826 0.672849
1655375888.269000 0.030059 -0.999152 -0.028132 2.431560 0.999210 0.029305 0.026840 0.414118 -0.025993 -0.028916 0.999244 0.672495
1655375888.330000 0.037059 -0.998825 -0.031226 2.426299 0.998939 0.036173 0.028489 0.428930 -0.027326 -0.032249 0.999106 0.672291
1655375888.391000 0.038579 -0.998643 -0.034985 2.421059 0.998845 0.037535 0.030006 0.443329 -0.028653 -0.036102 0.998937 0.672242
1655375888.453000 0.033540 -0.999067 -0.027222 2.415298 0.999056 0.032763 0.028535 0.460115 -0.027616 -0.028153 0.999222 0.672487
1655375888.516000 0.033382 -0.998888 -0.033278 2.410475 0.998978 0.032333 0.031573 0.475135 -0.030462 -0.034298 0.998947 0.672853
1655375888.578000 0.033391 -0.999072 -0.027212 2.405175 0.999143 0.032702 0.025380 0.491978 -0.024466 -0.028036 0.999307 0.673188
1655375888.640000 0.033452 -0.998963 -0.030897 2.400816 0.998914 0.032416 0.033461 0.507071 -0.032425 -0.031983 0.998962 0.673126
1655375888.703000 0.031518 -0.999011 -0.031358 2.396547 0.999291 0.030850 0.021572 0.522227 -0.020583 -0.032015 0.999275 0.672997
1655375888.763000 0.033130 -0.998885 -0.033638 2.392087 0.999070 0.032169 0.028723 0.539833 -0.027609 -0.034558 0.999021 0.672606
1655375888.822000 0.030695 -0.998992 -0.032756 2.388275 0.999222 0.029857 0.025775 0.555249 -0.024771 -0.033522 0.999131 0.671930
1655375888.884000 0.027481 -0.999251 -0.027234 2.384188 0.999284 0.026752 0.026771 0.573023 -0.026023 -0.027951 0.999271 0.671107
1655375888.945000 0.030644 -0.999050 -0.030997 2.380816 0.998908 0.029516 0.036212 0.588853 -0.035263 -0.032073 0.998863 0.670166
1655375889.008000 0.031598 -0.999148 -0.026536 2.377389 0.999057 0.030781 0.030628 0.604143 -0.029785 -0.027478 0.999179 0.669131
1655375889.070000 0.030263 -0.999011 -0.032573 2.373891 0.999009 0.029167 0.033606 0.621594 -0.032622 -0.033558 0.998904 0.668194
1655375889.132000 0.030763 -0.999172 -0.026630 2.370688 0.999051 0.029916 0.031650 0.636790 -0.030827 -0.027578 0.999144 0.667282
1655375889.191000 0.035027 -0.998912 -0.030786 2.367698 0.998950 0.034085 0.030604 0.651990 -0.029521 -0.031826 0.999057 0.666442
1655375889.251000 0.034537 -0.999035 -0.027119 2.364240 0.999062 0.033803 0.027059 0.669339 -0.026116 -0.028028 0.999266 0.666035
1655375889.313000 0.040383 -0.998831 -0.026559 2.361572 0.998987 0.039832 0.020938 0.684595 -0.019856 -0.027378 0.999428 0.665408
1655375889.374000 0.040002 -0.998715 -0.031106 2.358685 0.998975 0.039313 0.022458 0.700282 -0.021206 -0.031973 0.999264 0.665040
1655375889.435000 0.039711 -0.998560 -0.036058 2.355288 0.998818 0.038658 0.029450 0.718439 -0.028014 -0.037185 0.998916 0.664400
1655375889.496000 0.033826 -0.999010 -0.028893 2.352831 0.999098 0.033058 0.026653 0.734311 -0.025671 -0.029769 0.999227 0.664506
1655375889.559000 0.031861 -0.999132 -0.026835 2.349914 0.998964 0.030960 0.033351 0.753021 -0.032491 -0.027870 0.999083 0.664271
1655375889.621000 0.028352 -0.999287 -0.024933 2.347124 0.999155 0.027588 0.030461 0.768962 -0.029751 -0.025776 0.999225 0.664168
1655375889.681000 0.028931 -0.999370 -0.020581 2.344227 0.999092 0.028266 0.031877 0.784912 -0.031275 -0.021484 0.999280 0.663867
1655375889.742000 0.034253 -0.998763 -0.036041 2.340751 0.998669 0.032814 0.039793 0.803250 -0.038562 -0.037356 0.998558 0.663227
1655375889.803000 0.037658 -0.998761 -0.032521 2.337888 0.998687 0.036483 0.035975 0.818671 -0.034744 -0.033833 0.998823 0.662722
1655375889.866000 0.038559 -0.998608 -0.035986 2.334985 0.998768 0.037389 0.032639 0.834287 -0.031248 -0.037200 0.998819 0.662499
1655375889.928000 0.043041 -0.998595 -0.030906 2.332151 0.998643 0.042093 0.030679 0.851510 -0.029335 -0.032184 0.999051 0.662632
1655375889.990000 0.043268 -0.998366 -0.037330 2.329897 0.998624 0.042110 0.031268 0.866670 -0.029645 -0.038632 0.998814 0.663248
1655375890.049000 0.041886 -0.998218 -0.042505 2.327947 0.998529 0.040357 0.036217 0.883892 -0.034437 -0.043959 0.998440 0.664251
1655375890.112000 0.041792 -0.998521 -0.034767 2.326798 0.998531 0.040541 0.035959 0.898454 -0.034496 -0.036219 0.998748 0.664925
1655375890.173000 0.047214 -0.998095 -0.039726 2.325957 0.998070 0.045532 0.042235 0.913108 -0.040345 -0.041643 0.998318 0.665880
1655375890.234000 0.043616 -0.998362 -0.037030 2.325456 0.998576 0.042426 0.032328 0.929789 -0.030704 -0.038388 0.998791 0.666264
1655375890.296000 0.045201 -0.998323 -0.036157 2.325509 0.998656 0.044238 0.027016 0.943926 -0.025371 -0.037329 0.998981 0.666162
1655375890.358000 0.046433 -0.998253 -0.036541 2.325864 0.998577 0.045425 0.027953 0.958548 -0.026245 -0.037786 0.998941 0.665783
1655375890.418000 0.048501 -0.998160 -0.036387 2.326520 0.998444 0.047447 0.029285 0.975555 -0.027504 -0.037750 0.998909 0.664917
1655375890.482000 0.045457 -0.998428 -0.032781 2.327629 0.998586 0.044509 0.029082 0.990655 -0.027577 -0.034057 0.999039 0.663783
1655375890.547000 0.048992 -0.998231 -0.033672 2.328937 0.998501 0.048126 0.026062 1.005937 -0.024395 -0.034898 0.999093 0.662377
1655375890.602000 0.045353 -0.998508 -0.030428 2.330544 0.998661 0.044559 0.026279 1.023808 -0.024884 -0.031579 0.999191 0.660927
1655375890.664000 0.050777 -0.998320 -0.027926 2.332251 0.998389 0.050031 0.026777 1.039355 -0.025335 -0.029240 0.999251 0.659611
1655375890.726000 0.048872 -0.998427 -0.027464 2.333841 0.998462 0.048116 0.027542 1.055184 -0.026177 -0.028768 0.999243 0.658602
1655375890.784000 0.046386 -0.998627 -0.024352 2.335724 0.998592 0.045728 0.026895 1.073483 -0.025744 -0.025565 0.999342 0.657313
1655375890.846000 0.047158 -0.998562 -0.025511 2.337580 0.998670 0.046599 0.022058 1.089606 -0.020837 -0.026517 0.999431 0.656839
1655375890.908000 0.050817 -0.998570 -0.016594 2.339571 0.998342 0.050342 0.027917 1.107957 -0.027041 -0.017985 0.999473 0.656751
1655375890.969000 0.048163 -0.998641 -0.019911 2.341267 0.998564 0.047672 0.024432 1.124281 -0.023450 -0.021059 0.999503 0.657238
1655375891.034000 0.049927 -0.998609 -0.016963 2.342957 0.998353 0.049419 0.029145 1.140892 -0.028267 -0.018390 0.999431 0.658152
1655375891.094000 0.048136 -0.998604 -0.021734 2.344662 0.998447 0.047495 0.029111 1.159828 -0.028038 -0.023101 0.999340 0.659222
1655375891.155000 0.046257 -0.998668 -0.022856 2.346289 0.998433 0.045501 0.032563 1.176480 -0.031479 -0.024326 0.999208 0.660440
1655375891.219000 0.041514 -0.998985 -0.017471 2.347952 0.998878 0.041098 0.023530 1.192911 -0.022788 -0.018428 0.999570 0.661285
1655375891.276000 0.033981 -0.999189 -0.021583 2.349616 0.999075 0.033392 0.027088 1.212144 -0.026345 -0.022484 0.999400 0.662218
1655375891.339000 0.035346 -0.999243 -0.016276 2.350799 0.999006 0.034886 0.027732 1.228586 -0.027144 -0.017240 0.999483 0.662770
1655375891.399000 0.029073 -0.999411 -0.018257 2.352134 0.999047 0.028458 0.033097 1.245595 -0.032558 -0.019201 0.999285 0.662946
1655375891.461000 0.028443 -0.999329 -0.023069 2.353245 0.999179 0.027758 0.029523 1.264362 -0.028863 -0.023890 0.999298 0.662963
1655375891.524000 0.028990 -0.999341 -0.021820 2.353986 0.999178 0.028353 0.028981 1.280799 -0.028343 -0.022642 0.999342 0.663206
1655375891.584000 0.029651 -0.999200 -0.026851 2.354837 0.999033 0.028753 0.033246 1.299338 -0.032448 -0.027810 0.999086 0.662847
1655375891.649000 0.023897 -0.999531 -0.019169 2.355252 0.999320 0.023345 0.028548 1.315836 -0.028087 -0.019838 0.999409 0.662896
1655375891.711000 0.021273 -0.999591 -0.019093 2.355446 0.999413 0.020748 0.027278 1.331785 -0.026871 -0.019662 0.999446 0.662613
1655375891.768000 0.027042 -0.999458 -0.018780 2.355228 0.999182 0.026460 0.030588 1.349821 -0.030074 -0.019591 0.999356 0.662696
1655375891.831000 0.028429 -0.999395 -0.020027 2.354707 0.998966 0.027695 0.036041 1.365613 -0.035465 -0.021031 0.999150 0.662802
1655375891.890000 0.030165 -0.999313 -0.021550 2.353940 0.999025 0.029447 0.032894 1.381336 -0.032237 -0.022521 0.999227 0.663153
1655375891.952000 0.036714 -0.998959 -0.027076 2.352749 0.998766 0.035773 0.034459 1.398864 -0.033454 -0.028308 0.999039 0.664016
1655375892.013000 0.035249 -0.999060 -0.025224 2.351438 0.999023 0.034552 0.027551 1.414296 -0.026653 -0.026171 0.999302 0.664880
1655375892.076000 0.041799 -0.998779 -0.026348 2.349990 0.998821 0.041120 0.025802 1.431825 -0.024687 -0.027396 0.999320 0.665580
1655375892.138000 0.047381 -0.998403 -0.030755 2.348686 0.998395 0.046378 0.032518 1.446974 -0.031039 -0.032246 0.998998 0.666209
1655375892.199000 0.053165 -0.998108 -0.030899 2.347463 0.998234 0.052300 0.028175 1.462224 -0.026505 -0.032342 0.999125 0.666187
1655375892.260000 0.056736 -0.997749 -0.035761 2.345966 0.998076 0.055785 0.027049 1.479594 -0.024993 -0.037227 0.998994 0.665979
1655375892.323000 0.062649 -0.997552 -0.031069 2.344961 0.997674 0.061758 0.028871 1.494971 -0.026882 -0.032805 0.999100 0.665413
1655375892.383000 0.067104 -0.997229 -0.032126 2.344058 0.997524 0.066375 0.023251 1.510221 -0.021054 -0.033607 0.999213 0.664655
1655375892.444000 0.073839 -0.996551 -0.037879 2.343539 0.996866 0.072675 0.031236 1.527985 -0.028376 -0.040066 0.998794 0.663777
1655375892.509000 0.071355 -0.996746 -0.037481 2.343358 0.997136 0.070339 0.027780 1.543463 -0.025053 -0.039356 0.998911 0.662886
1655375892.567000 0.075137 -0.996562 -0.034915 2.343294 0.996900 0.074250 0.026043 1.561277 -0.023361 -0.036763 0.999051 0.661902
1655375892.628000 0.077473 -0.996409 -0.034158 2.343247 0.996615 0.076452 0.030228 1.577132 -0.027508 -0.036384 0.998959 0.660984
1655375892.693000 0.080321 -0.996246 -0.032280 2.343411 0.996262 0.079205 0.034490 1.592985 -0.031804 -0.034929 0.998884 0.660015
1655375892.754000 0.081048 -0.996240 -0.030624 2.343582 0.996349 0.080153 0.029402 1.611463 -0.026837 -0.032895 0.999098 0.659350
1655375892.817000 0.085019 -0.995818 -0.033444 2.344077 0.995815 0.083794 0.036478 1.627269 -0.033523 -0.036405 0.998775 0.658932
1655375892.876000 0.084232 -0.995837 -0.034841 2.344518 0.996080 0.083202 0.030019 1.643408 -0.026995 -0.037233 0.998942 0.658712
1655375892.937000 0.087930 -0.995573 -0.033217 2.345094 0.995749 0.086930 0.030444 1.661879 -0.027421 -0.035752 0.998984 0.658276
1655375892.998000 0.085268 -0.995960 -0.028145 2.345822 0.996137 0.084621 0.023451 1.678257 -0.020975 -0.030036 0.999329 0.658139
1655375893.059000 0.086067 -0.995603 -0.036969 2.347051 0.995796 0.084797 0.034637 1.696843 -0.031350 -0.039794 0.998716 0.657878
1655375893.121000 0.084732 -0.995876 -0.032425 2.348211 0.996068 0.083814 0.028710 1.713601 -0.025874 -0.034730 0.999062 0.658404
1655375893.184000 0.080687 -0.996214 -0.032348 2.349521 0.996446 0.079833 0.026872 1.730186 -0.024188 -0.034402 0.999115 0.658857
1655375893.244000 0.078108 -0.996324 -0.035186 2.351260 0.996559 0.077046 0.030576 1.749359 -0.027752 -0.037453 0.998913 0.659854
1655375893.306000 0.076657 -0.996533 -0.032342 2.353295 0.996667 0.075678 0.030470 1.765685 -0.027917 -0.034570 0.999012 0.659965
1655375893.367000 0.073022 -0.996955 -0.027368 2.355340 0.996924 0.072181 0.030551 1.784667 -0.028482 -0.029515 0.999158 0.660133
1655375893.428000 0.068430 -0.997387 -0.023181 2.357179 0.997302 0.067769 0.028202 1.801057 -0.026558 -0.025049 0.999333 0.660271
1655375893.492000 0.068588 -0.997276 -0.027150 2.359084 0.997086 0.067612 0.035341 1.817693 -0.033409 -0.029494 0.999006 0.659935
1655375893.552000 0.070122 -0.997239 -0.024450 2.361023 0.997000 0.069257 0.034565 1.833875 -0.032776 -0.026800 0.999103 0.659693
1655375893.612000 0.072710 -0.996993 -0.026814 2.362717 0.996926 0.071866 0.031196 1.852449 -0.029176 -0.028999 0.999154 0.659515
1655375893.673000 0.070706 -0.997269 -0.021344 2.364329 0.997081 0.070043 0.030377 1.868721 -0.028799 -0.023429 0.999311 0.659280
1655375893.735000 0.070678 -0.997194 -0.024656 2.366030 0.997086 0.069916 0.030531 1.887182 -0.028721 -0.026742 0.999230 0.659361
1655375893.797000 0.069424 -0.997252 -0.025844 2.367464 0.997203 0.068654 0.029551 1.903300 -0.027696 -0.027824 0.999229 0.659112
1655375893.863000 0.073652 -0.996902 -0.027589 2.368867 0.996753 0.072682 0.034655 1.919489 -0.032543 -0.030051 0.999018 0.659206
1655375893.919000 0.076935 -0.996557 -0.030922 2.370537 0.996432 0.075772 0.037170 1.938236 -0.034699 -0.033671 0.998830 0.659640
1655375893.984000 0.076894 -0.996733 -0.024724 2.371844 0.996784 0.076290 0.024527 1.954359 -0.022561 -0.026530 0.999393 0.660225
1655375894.045000 0.077654 -0.996562 -0.028873 2.373469 0.996615 0.076808 0.029319 1.970626 -0.027000 -0.031052 0.999153 0.660517
1655375894.104000 0.079549 -0.996296 -0.032665 2.375103 0.996327 0.078424 0.034373 1.989475 -0.031684 -0.035279 0.998875 0.661175
1655375894.167000 0.079821 -0.996473 -0.025884 2.377018 0.996406 0.079024 0.030489 2.005696 -0.028336 -0.028224 0.999200 0.661161
1655375894.226000 0.083581 -0.996062 -0.029582 2.378560 0.995710 0.082296 0.042303 2.022165 -0.039702 -0.032990 0.998667 0.660803
1655375894.288000 0.081400 -0.996448 -0.021589 2.380542 0.996274 0.080728 0.030366 2.040834 -0.028516 -0.023980 0.999306 0.660373
1655375894.353000 0.080731 -0.996236 -0.031551 2.382601 0.996371 0.079804 0.029611 2.056696 -0.026981 -0.033827 0.999063 0.659740
1655375894.411000 0.081733 -0.996245 -0.028571 2.384835 0.996304 0.080910 0.028845 2.075413 -0.026425 -0.030823 0.999175 0.658746
1655375894.472000 0.081602 -0.996259 -0.028462 2.386462 0.996135 0.080594 0.034932 2.091930 -0.032508 -0.031202 0.998984 0.657394
1655375894.533000 0.084175 -0.996058 -0.027971 2.389033 0.995958 0.083217 0.033795 2.110356 -0.031334 -0.030702 0.999037 0.655795
1655375894.598000 0.081484 -0.996338 -0.025915 2.390982 0.996102 0.080528 0.036011 2.126800 -0.033792 -0.028749 0.999015 0.654563
1655375894.658000 0.086486 -0.995827 -0.029135 2.392902 0.995756 0.085482 0.034108 2.142903 -0.031475 -0.031962 0.998993 0.653469
1655375894.717000 0.088872 -0.995767 -0.023466 2.395357 0.995696 0.088194 0.028475 2.161196 -0.026285 -0.025895 0.999319 0.652320
1655375894.780000 0.084747 -0.996083 -0.025212 2.397356 0.995917 0.083889 0.033344 2.177334 -0.031098 -0.027935 0.999126 0.651638
1655375894.842000 0.088734 -0.995676 -0.027501 2.399249 0.995613 0.087838 0.032228 2.193577 -0.029673 -0.030240 0.999102 0.651118
1655375894.902000 0.083679 -0.996232 -0.022792 2.401516 0.995998 0.082895 0.033416 2.212089 -0.031401 -0.025497 0.999182 0.651000
1655375894.965000 0.080966 -0.996184 -0.032589 2.403299 0.996108 0.079731 0.037563 2.228227 -0.034821 -0.035504 0.998763 0.651336
1655375895.024000 0.084927 -0.996101 -0.023872 2.405484 0.995990 0.084193 0.030251 2.246620 -0.028124 -0.026345 0.999257 0.651805
1655375895.087000 0.083982 -0.996201 -0.023015 2.407172 0.996037 0.083244 0.031322 2.262849 -0.029287 -0.025554 0.999244 0.652131
1655375895.149000 0.085453 -0.996013 -0.025598 2.408960 0.995992 0.084713 0.028699 2.278788 -0.026416 -0.027948 0.999260 0.652368
1655375895.210000 0.085942 -0.995835 -0.030455 2.411330 0.995856 0.084951 0.032463 2.297039 -0.029740 -0.033119 0.999009 0.652465
1655375895.272000 0.088048 -0.995740 -0.027380 2.413357 0.995618 0.087101 0.034037 2.312728 -0.031507 -0.030257 0.999045 0.652546
1655375895.332000 0.089075 -0.995553 -0.030656 2.415633 0.995487 0.087972 0.035600 2.328614 -0.032745 -0.033689 0.998896 0.652876
1655375895.394000 0.090234 -0.995636 -0.023826 2.418489 0.995607 0.089580 0.027231 2.346317 -0.024978 -0.026178 0.999345 0.653526
1655375895.456000 0.088636 -0.995798 -0.023022 2.421107 0.995664 0.087921 0.030388 2.361990 -0.028237 -0.025616 0.999273 0.653929
1655375895.517000 0.085186 -0.996138 -0.021286 2.423992 0.996007 0.084563 0.028628 2.379944 -0.026717 -0.023640 0.999363 0.654506
1655375895.582000 0.083311 -0.996270 -0.022484 2.426384 0.996104 0.082600 0.030896 2.395834 -0.028923 -0.024970 0.999270 0.655092
1655375895.642000 0.089140 -0.995790 -0.021364 2.428650 0.995751 0.088598 0.025097 2.411526 -0.023098 -0.023510 0.999457 0.655716
1655375895.702000 0.088793 -0.995788 -0.022831 2.431218 0.995655 0.088089 0.030186 2.429671 -0.028047 -0.025412 0.999284 0.656284
1655375895.766000 0.083202 -0.996204 -0.025580 2.433226 0.996110 0.082391 0.031245 2.445937 -0.029019 -0.028080 0.999184 0.657197
1655375895.827000 0.085550 -0.996077 -0.022604 2.435237 0.995945 0.084861 0.029858 2.461980 -0.027823 -0.025067 0.999299 0.658472
1655375895.887000 0.079366 -0.996570 -0.023429 2.437903 0.995141 0.077834 0.060306 2.479950 -0.058275 -0.028101 0.997905 0.659718
1655375895.949000 0.065251 -0.997544 -0.025476 2.439794 0.991630 0.061971 0.113271 2.494481 -0.111414 -0.032654 0.993237 0.660846
1655375896.011000 0.027201 -0.999187 -0.029745 2.441816 0.993493 0.023730 0.111395 2.508132 -0.110599 -0.032581 0.993331 0.660464
1655375896.071000 -0.013334 -0.999463 -0.029915 2.443110 0.993309 -0.016673 0.114274 2.517387 -0.114712 -0.028191 0.992999 0.659416
1655375896.134000 -0.057720 -0.997968 -0.026984 2.444553 0.992034 -0.060366 0.110562 2.524009 -0.111966 -0.020388 0.993503 0.657614
1655375896.194000 -0.116702 -0.992802 -0.026937 2.445625 0.988847 -0.118679 0.089979 2.528588 -0.092528 -0.016136 0.995579 0.654446
1655375896.256000 -0.176082 -0.984102 -0.023190 2.446134 0.981087 -0.177369 0.077519 2.530559 -0.080400 -0.009102 0.996721 0.652103
1655375896.317000 -0.238172 -0.970762 -0.029935 2.446566 0.968712 -0.239658 0.064507 2.530922 -0.069796 -0.013635 0.997468 0.649771
1655375896.380000 -0.299116 -0.953667 -0.032385 2.446187 0.952309 -0.300491 0.053044 2.530231 -0.060318 -0.014974 0.998067 0.648052
1655375896.441000 -0.356251 -0.933921 -0.029619 2.445539 0.933305 -0.357186 0.036868 2.529030 -0.045012 -0.014509 0.998881 0.646560
1655375896.501000 -0.421651 -0.906129 -0.033763 2.444127 0.906186 -0.422416 0.019806 2.527507 -0.032209 -0.022244 0.999234 0.645760
1655375896.566000 -0.479660 -0.876531 -0.040248 2.442124 0.876871 -0.480509 0.014426 2.526454 -0.031984 -0.028372 0.999086 0.645673
1655375896.625000 -0.532442 -0.845022 -0.049431 2.440041 0.845764 -0.533471 0.009599 2.525692 -0.034481 -0.036696 0.998731 0.646033
1655375896.685000 -0.593238 -0.803452 -0.050326 2.437185 0.804382 -0.594106 0.002891 2.525557 -0.032222 -0.038767 0.998729 0.647214
1655375896.749000 -0.644720 -0.761848 -0.062640 2.434837 0.763393 -0.645934 -0.001131 2.525903 -0.039599 -0.048548 0.998036 0.648781
1655375896.809000 -0.698890 -0.712372 -0.063864 2.432177 0.713994 -0.700141 -0.003795 2.527011 -0.042010 -0.048251 0.997951 0.651019
1655375896.873000 -0.742202 -0.665688 -0.077432 2.430308 0.668183 -0.743944 -0.008945 2.528401 -0.051651 -0.058378 0.996957 0.653506
1655375896.932000 -0.783206 -0.616176 -0.083167 2.428889 0.618477 -0.785799 -0.002458 2.530500 -0.063838 -0.053362 0.996533 0.655609
1655375896.993000 -0.829507 -0.552390 -0.082363 2.428041 0.554239 -0.832357 0.000496 2.533040 -0.068829 -0.045238 0.996602 0.658362
1655375897.056000 -0.861833 -0.500575 -0.081658 2.427847 0.500642 -0.865396 0.021137 2.535081 -0.081247 -0.022665 0.996436 0.660262
1655375897.121000 -0.891455 -0.444498 -0.087912 2.428220 0.443673 -0.895693 0.029790 2.536512 -0.091984 -0.012448 0.995683 0.661715
1655375897.177000 -0.922194 -0.377847 -0.082396 2.429551 0.376626 -0.925863 0.030486 2.536633 -0.087807 -0.002918 0.996133 0.663084
1655375897.240000 -0.945289 -0.316797 -0.077898 2.431110 0.315142 -0.948470 0.033023 2.535397 -0.084345 0.006667 0.996414 0.663598
1655375897.304000 -0.963384 -0.258370 -0.071672 2.433002 0.257585 -0.966046 0.020148 2.532628 -0.074445 0.000949 0.997225 0.664099
1655375897.361000 -0.980767 -0.188041 -0.052311 2.435385 0.187889 -0.982159 0.007867 2.528334 -0.052857 -0.002113 0.998600 0.664081
1655375897.422000 -0.989242 -0.146269 0.002343 2.436831 0.146241 -0.989203 -0.009555 2.523889 0.003716 -0.009109 0.999952 0.663925
1655375897.484000 -0.993539 -0.109550 0.029648 2.436064 0.109013 -0.993855 -0.019187 2.519139 0.031568 -0.015831 0.999376 0.663796
1655375897.546000 -0.995686 -0.087791 0.030050 2.432408 0.087183 -0.995972 -0.020963 2.514873 0.031769 -0.018253 0.999329 0.664281
1655375897.608000 -0.996950 -0.071701 0.030818 2.425934 0.070926 -0.997154 -0.025552 2.511055 0.032563 -0.023288 0.999198 0.664993
1655375897.671000 -0.998073 -0.056786 0.025001 2.415318 0.056333 -0.998241 -0.018480 2.506864 0.026007 -0.017036 0.999517 0.666420
1655375897.732000 -0.998683 -0.049623 0.013064 2.403438 0.049252 -0.998413 -0.027302 2.503448 0.014398 -0.026623 0.999542 0.667655
1655375897.793000 -0.999075 -0.042798 -0.004101 2.387603 0.042877 -0.998843 -0.021778 2.500033 -0.003165 -0.021934 0.999754 0.668927
1655375897.858000 -0.999138 -0.037289 -0.018268 2.372415 0.037633 -0.999114 -0.018849 2.497022 -0.017549 -0.019521 0.999655 0.669976
1655375897.918000 -0.998582 -0.038078 -0.037216 2.356410 0.038964 -0.998967 -0.023376 2.494467 -0.036288 -0.024793 0.999034 0.670532
1655375897.977000 -0.998285 -0.035086 -0.046866 2.337993 0.035957 -0.999194 -0.017869 2.491308 -0.046201 -0.019523 0.998741 0.670380
1655375898.038000 -0.997739 -0.036246 -0.056590 2.321610 0.037211 -0.999178 -0.016087 2.488422 -0.055960 -0.018156 0.998268 0.669766
1655375898.100000 -0.997181 -0.042350 -0.061938 2.305490 0.043187 -0.998992 -0.012243 2.485494 -0.061357 -0.014884 0.998005 0.668483
1655375898.162000 -0.997083 -0.045455 -0.061311 2.287752 0.045880 -0.998932 -0.005542 2.481675 -0.060993 -0.008339 0.998103 0.666817
1655375898.221000 -0.997180 -0.048492 -0.057280 2.272759 0.049266 -0.998712 -0.012172 2.478017 -0.056616 -0.014960 0.998284 0.664982
1655375898.286000 -0.997194 -0.051371 -0.054460 2.258114 0.051834 -0.998630 -0.007119 2.474038 -0.054020 -0.009922 0.998491 0.663219
1655375898.346000 -0.996670 -0.050033 -0.064380 2.241631 0.051026 -0.998601 -0.013863 2.469188 -0.063597 -0.017102 0.997829 0.661044
1655375898.407000 -0.997299 -0.052673 -0.051197 2.227637 0.053243 -0.998533 -0.009840 2.464631 -0.050603 -0.012539 0.998640 0.659350
1655375898.468000 -0.997030 -0.055043 -0.053873 2.211806 0.055995 -0.998298 -0.016321 2.459323 -0.052883 -0.019289 0.998414 0.657571
1655375898.529000 -0.997462 -0.053758 -0.046692 2.198071 0.054534 -0.998391 -0.015509 2.454406 -0.045783 -0.018016 0.998789 0.656327
1655375898.591000 -0.997636 -0.054939 -0.041282 2.184304 0.055591 -0.998344 -0.014808 2.449822 -0.040400 -0.017068 0.999038 0.656099
1655375898.655000 -0.997455 -0.058639 -0.040549 2.168212 0.059766 -0.997843 -0.027168 2.444426 -0.038868 -0.029522 0.998808 0.656423
1655375898.716000 -0.997441 -0.058690 -0.040821 2.154321 0.059694 -0.997932 -0.023836 2.440182 -0.039338 -0.026212 0.998882 0.657177
1655375898.779000 -0.997424 -0.059039 -0.040743 2.138034 0.059857 -0.998023 -0.019147 2.435375 -0.039532 -0.021537 0.998986 0.658198
1655375898.838000 -0.997148 -0.064754 -0.038774 2.123625 0.065673 -0.997578 -0.022904 2.431624 -0.037197 -0.025385 0.998985 0.659411
1655375898.900000 -0.997182 -0.065208 -0.037105 2.108846 0.066070 -0.997562 -0.022491 2.427823 -0.035547 -0.024879 0.999058 0.660696
1655375898.960000 -0.997248 -0.059467 -0.044270 2.091888 0.060893 -0.997645 -0.031577 2.423857 -0.042288 -0.034186 0.998520 0.662179
1655375899.025000 -0.997113 -0.060071 -0.046443 2.076826 0.061221 -0.997842 -0.023747 2.420788 -0.044916 -0.026522 0.998639 0.663344
1655375899.086000 -0.996971 -0.063008 -0.045602 2.061650 0.064071 -0.997698 -0.022235 2.417807 -0.044096 -0.025089 0.998712 0.664613
1655375899.144000 -0.997227 -0.061325 -0.042162 2.044428 0.062234 -0.997849 -0.020601 2.414654 -0.040808 -0.023167 0.998898 0.665797
1655375899.208000 -0.997298 -0.059051 -0.043690 2.029393 0.060027 -0.997968 -0.021370 2.412368 -0.042339 -0.023935 0.998817 0.666373
1655375899.269000 -0.996504 -0.065801 -0.051486 2.013928 0.067385 -0.997286 -0.029654 2.409696 -0.049395 -0.033020 0.998233 0.666987
1655375899.331000 -0.997222 -0.060332 -0.043691 1.996341 0.061232 -0.997932 -0.019545 2.407315 -0.042422 -0.022166 0.998854 0.667464
1655375899.392000 -0.996894 -0.060205 -0.050771 1.981029 0.061445 -0.997840 -0.023237 2.405253 -0.049262 -0.026284 0.998440 0.667678
1655375899.450000 -0.996704 -0.063052 -0.051037 1.963629 0.064275 -0.997675 -0.022675 2.403015 -0.049488 -0.025880 0.998439 0.667505
1655375899.512000 -0.997066 -0.061832 -0.045135 1.948430 0.062887 -0.997771 -0.022340 2.400911 -0.043653 -0.025113 0.998731 0.666992
1655375899.575000 -0.997251 -0.061320 -0.041591 1.932822 0.061985 -0.997966 -0.014889 2.398976 -0.040594 -0.017426 0.999024 0.666335
1655375899.639000 -0.996935 -0.063400 -0.045835 1.915299 0.064673 -0.997545 -0.026864 2.396876 -0.044019 -0.029746 0.998588 0.665448
1655375899.698000 -0.997146 -0.061779 -0.043396 1.899924 0.062774 -0.997786 -0.021951 2.395088 -0.041944 -0.024613 0.998817 0.664457
1655375899.760000 -0.996820 -0.064602 -0.046651 1.882234 0.065701 -0.997587 -0.022432 2.392891 -0.045089 -0.025426 0.998659 0.663624
1655375899.820000 -0.997092 -0.062430 -0.043693 1.866755 0.063716 -0.997556 -0.028685 2.391267 -0.041796 -0.031385 0.998633 0.662965
1655375899.883000 -0.996903 -0.065913 -0.042891 1.851102 0.066768 -0.997591 -0.018823 2.389578 -0.041547 -0.021628 0.998902 0.662719
1655375899.943000 -0.996838 -0.065504 -0.044989 1.833132 0.066555 -0.997534 -0.022266 2.387978 -0.043420 -0.025190 0.998739 0.662943
1655375900.004000 -0.996578 -0.069715 -0.044406 1.817244 0.070949 -0.997118 -0.026850 2.386530 -0.042406 -0.029909 0.998653 0.663487
1655375900.067000 -0.996718 -0.069296 -0.041838 1.801169 0.070385 -0.997203 -0.025132 2.385105 -0.039980 -0.027995 0.998808 0.663792
1655375900.127000 -0.996618 -0.069210 -0.044297 1.782819 0.070248 -0.997279 -0.022333 2.383964 -0.042631 -0.025370 0.998769 0.663910
1655375900.189000 -0.996271 -0.071798 -0.047846 1.766368 0.073217 -0.996906 -0.028594 2.382682 -0.045645 -0.031990 0.998445 0.664010
1655375900.251000 -0.996352 -0.073217 -0.043830 1.747483 0.074294 -0.996960 -0.023468 2.381587 -0.041979 -0.026638 0.998763 0.664188
1655375900.311000 -0.996314 -0.071476 -0.047435 1.730797 0.072774 -0.997004 -0.026221 2.381079 -0.045418 -0.029576 0.998530 0.664172
1655375900.374000 -0.996250 -0.076670 -0.040092 1.714267 0.077566 -0.996760 -0.021300 2.380284 -0.038329 -0.024330 0.998969 0.663894
1655375900.435000 -0.996602 -0.074277 -0.035610 1.694779 0.075222 -0.996828 -0.025974 2.379507 -0.033568 -0.028565 0.999028 0.663567
1655375900.496000 -0.995903 -0.077985 -0.045785 1.677653 0.079095 -0.996603 -0.022944 2.378969 -0.043840 -0.026472 0.998688 0.663099
1655375900.561000 -0.995975 -0.076432 -0.046823 1.660546 0.077963 -0.996449 -0.031786 2.378678 -0.044227 -0.035308 0.998397 0.663123
1655375900.620000 -0.996091 -0.078062 -0.041340 1.640465 0.079119 -0.996562 -0.024565 2.378571 -0.039281 -0.027739 0.998843 0.663104
1655375900.683000 -0.995677 -0.081121 -0.045235 1.622859 0.082145 -0.996393 -0.021271 2.378298 -0.043346 -0.024895 0.998750 0.663158
1655375900.742000 -0.995286 -0.084092 -0.048312 1.605247 0.085275 -0.996093 -0.022971 2.378224 -0.046192 -0.026982 0.998568 0.663602
1655375900.805000 -0.995201 -0.085833 -0.046996 1.585293 0.086885 -0.996001 -0.020816 2.378459 -0.045021 -0.024799 0.998678 0.664007
1655375900.865000 -0.995464 -0.084064 -0.044548 1.567967 0.085185 -0.996079 -0.023896 2.378931 -0.042364 -0.027582 0.998721 0.664433
1655375900.928000 -0.995629 -0.079779 -0.048557 1.548129 0.081041 -0.996407 -0.024591 2.379461 -0.046421 -0.028419 0.998518 0.665090
1655375900.986000 -0.995224 -0.081588 -0.053605 1.530828 0.083054 -0.996214 -0.025702 2.379902 -0.051305 -0.030032 0.998231 0.665707
1655375901.052000 -0.995367 -0.079966 -0.053384 1.513809 0.081153 -0.996492 -0.020447 2.380634 -0.051561 -0.024685 0.998365 0.666252
1655375901.109000 -0.995083 -0.081322 -0.056544 1.494826 0.083031 -0.996137 -0.028570 2.381712 -0.054002 -0.033125 0.997991 0.666636
1655375901.170000 -0.995494 -0.078923 -0.052559 1.478560 0.080130 -0.996558 -0.021267 2.382784 -0.050700 -0.025383 0.998391 0.666477
1655375901.233000 -0.995507 -0.079017 -0.052170 1.462416 0.080416 -0.996441 -0.025289 2.383966 -0.049986 -0.029371 0.998318 0.666195
1655375901.294000 -0.995723 -0.078698 -0.048403 1.444012 0.079738 -0.996616 -0.019957 2.385248 -0.046669 -0.023731 0.998629 0.665136
1655375901.358000 -0.995545 -0.080555 -0.048999 1.428050 0.081332 -0.996588 -0.014070 2.386355 -0.047699 -0.017993 0.998700 0.663668
1655375901.419000 -0.995483 -0.078337 -0.053645 1.409764 0.079581 -0.996597 -0.021466 2.387400 -0.051781 -0.025638 0.998329 0.662506
1655375901.482000 -0.996156 -0.078728 -0.038419 1.393754 0.079563 -0.996615 -0.020706 2.388344 -0.036659 -0.023684 0.999047 0.661389
1655375901.542000 -0.995898 -0.077756 -0.046277 1.377831 0.078612 -0.996761 -0.016961 2.389156 -0.044808 -0.020529 0.998785 0.660555
1655375901.602000 -0.995675 -0.081986 -0.043705 1.359478 0.082932 -0.996349 -0.020296 2.389956 -0.041881 -0.023833 0.998838 0.660185
1655375901.665000 -0.995401 -0.082080 -0.049384 1.343335 0.083164 -0.996329 -0.020323 2.390271 -0.047535 -0.024337 0.998573 0.660106
1655375901.727000 -0.995291 -0.083343 -0.049501 1.327041 0.084712 -0.996061 -0.026218 2.390877 -0.047121 -0.030288 0.998430 0.660357
1655375901.788000 -0.995396 -0.085272 -0.043760 1.308599 0.086155 -0.996106 -0.018697 2.391838 -0.041995 -0.022381 0.998867 0.660942
1655375901.852000 -0.994957 -0.088519 -0.047161 1.292546 0.089845 -0.995596 -0.026762 2.392777 -0.044584 -0.030864 0.998529 0.661904
1655375901.910000 -0.995190 -0.088253 -0.042524 1.273740 0.089283 -0.995741 -0.022976 2.393761 -0.040315 -0.026662 0.998831 0.662833
1655375901.971000 -0.995027 -0.089957 -0.042770 1.257284 0.091072 -0.995533 -0.024882 2.395031 -0.040340 -0.028653 0.998775 0.663289
1655375902.035000 -0.994483 -0.095488 -0.043434 1.240789 0.096566 -0.995051 -0.023434 2.396125 -0.040981 -0.027499 0.998781 0.664087
1655375902.093000 -0.994051 -0.097700 -0.048137 1.221813 0.098894 -0.994831 -0.023066 2.397688 -0.045634 -0.027689 0.998574 0.664773
1655375902.155000 -0.994148 -0.096470 -0.048605 1.205482 0.097743 -0.994910 -0.024511 2.399353 -0.045993 -0.029118 0.998517 0.665176
1655375902.216000 -0.993902 -0.097098 -0.052249 1.186353 0.098438 -0.994860 -0.023723 2.401040 -0.049677 -0.028722 0.998352 0.665539
1655375902.278000 -0.993811 -0.094950 -0.057653 1.170071 0.096755 -0.994875 -0.029354 2.402857 -0.054570 -0.034751 0.997905 0.665578
1655375902.339000 -0.993942 -0.096345 -0.052891 1.153831 0.097718 -0.994924 -0.024009 2.404720 -0.050309 -0.029032 0.998312 0.665529
1655375902.401000 -0.993707 -0.096684 -0.056562 1.135598 0.098461 -0.994703 -0.029519 2.406998 -0.053408 -0.034902 0.997963 0.665362
1655375902.465000 -0.993491 -0.096203 -0.060995 1.119905 0.098100 -0.994757 -0.028903 2.408960 -0.057894 -0.034699 0.997720 0.664819
1655375902.524000 -0.993730 -0.099874 -0.050251 1.104585 0.101047 -0.994652 -0.021358 2.411138 -0.047849 -0.026302 0.998508 0.664345
1655375902.587000 -0.993536 -0.105245 -0.042546 1.086827 0.106198 -0.994128 -0.020781 2.413550 -0.040109 -0.025165 0.998878 0.663882
1655375902.649000 -0.993435 -0.104276 -0.047053 1.071652 0.105416 -0.994175 -0.022421 2.415699 -0.044441 -0.027234 0.998641 0.663503
1655375902.708000 -0.993015 -0.106310 -0.051178 1.056397 0.107698 -0.993865 -0.025171 2.417994 -0.048188 -0.030507 0.998372 0.663550
1655375902.768000 -0.993509 -0.101724 -0.050917 1.038895 0.102867 -0.994487 -0.020346 2.420276 -0.048566 -0.025452 0.998496 0.664091
1655375902.832000 -0.993505 -0.102577 -0.049242 1.023449 0.103630 -0.994428 -0.019326 2.422113 -0.046986 -0.024304 0.998600 0.664880
1655375902.892000 -0.993630 -0.101947 -0.048021 1.008351 0.103118 -0.994413 -0.022581 2.424297 -0.045451 -0.027389 0.998591 0.665741
1655375902.952000 -0.993806 -0.102378 -0.043224 0.990957 0.103452 -0.994360 -0.023382 2.426852 -0.040587 -0.027708 0.998792 0.666787
1655375903.015000 -0.993752 -0.098189 -0.053069 0.975900 0.099436 -0.994814 -0.021373 2.429367 -0.050695 -0.026517 0.998362 0.667578
1655375903.075000 -0.993297 -0.103309 -0.051858 0.960582 0.104684 -0.994203 -0.024536 2.431587 -0.049022 -0.029800 0.998353 0.668349
1655375903.139000 -0.993859 -0.101013 -0.045178 0.943223 0.102063 -0.994544 -0.021556 2.434480 -0.042754 -0.026035 0.998746 0.668894
1655375903.198000 -0.994149 -0.099756 -0.041437 0.927868 0.100632 -0.994730 -0.019616 2.437200 -0.039262 -0.023671 0.998949 0.669172
1655375903.259000 -0.993871 -0.102226 -0.042082 0.909820 0.103175 -0.994441 -0.021029 2.440155 -0.039699 -0.025242 0.998893 0.669466
1655375903.320000 -0.994092 -0.098687 -0.045193 0.894041 0.099686 -0.994810 -0.020413 2.442663 -0.042944 -0.024797 0.998770 0.669309
1655375903.384000 -0.994272 -0.096533 -0.045883 0.878311 0.097428 -0.995086 -0.017677 2.445257 -0.043951 -0.022046 0.998790 0.669169
1655375903.445000 -0.993983 -0.096356 -0.052094 0.860018 0.097508 -0.995033 -0.020028 2.448191 -0.049905 -0.024987 0.998441 0.668728
1655375903.510000 -0.993732 -0.098229 -0.053374 0.844294 0.099453 -0.994825 -0.020778 2.450674 -0.051057 -0.025956 0.998358 0.668491
1655375903.568000 -0.994124 -0.095855 -0.050296 0.826444 0.096701 -0.995206 -0.014645 2.453471 -0.048651 -0.019423 0.998627 0.668272
1655375903.633000 -0.994114 -0.096661 -0.048928 0.811011 0.097547 -0.995102 -0.016041 2.455933 -0.047138 -0.020719 0.998673 0.668566
1655375903.692000 -0.994078 -0.096274 -0.050401 0.793525 0.097281 -0.995095 -0.017928 2.458614 -0.048427 -0.022725 0.998568 0.669009
1655375903.752000 -0.994211 -0.093768 -0.052456 0.778315 0.095205 -0.995128 -0.025605 2.460852 -0.049800 -0.030451 0.998295 0.669636
1655375903.813000 -0.994562 -0.095373 -0.041846 0.763006 0.096164 -0.995215 -0.017307 2.463324 -0.039995 -0.021237 0.998974 0.670084
1655375903.875000 -0.994418 -0.094468 -0.046998 0.745456 0.095391 -0.995281 -0.017800 2.465907 -0.045095 -0.022184 0.998736 0.670856
1655375903.937000 -0.994318 -0.097352 -0.043053 0.730088 0.098153 -0.995028 -0.016905 2.468424 -0.041194 -0.021035 0.998930 0.671917
1655375904.000000 -0.994189 -0.098306 -0.043876 0.714713 0.099419 -0.994757 -0.023950 2.470627 -0.041292 -0.028172 0.998750 0.672726
1655375904.061000 -0.994081 -0.099356 -0.043944 0.696870 0.100482 -0.994645 -0.024190 2.473307 -0.041305 -0.028462 0.998741 0.673701
1655375904.121000 -0.993628 -0.101817 -0.048339 0.681270 0.102874 -0.994496 -0.019888 2.475701 -0.046048 -0.024734 0.998633 0.674606
1655375904.183000 -0.994039 -0.102177 -0.038036 0.663334 0.102782 -0.994601 -0.014295 2.478437 -0.036370 -0.018119 0.999174 0.675298
1655375904.246000 -0.993873 -0.102763 -0.040687 0.647599 0.103696 -0.994376 -0.021515 2.480901 -0.038247 -0.025602 0.998940 0.675884
1655375904.310000 -0.993646 -0.102621 -0.046227 0.631757 0.103634 -0.994413 -0.020051 2.483322 -0.043911 -0.024714 0.998730 0.676485
1655375904.369000 -0.993900 -0.101694 -0.042686 0.613710 0.102610 -0.994523 -0.019860 2.486058 -0.040433 -0.024119 0.998891 0.676815
1655375904.429000 -0.993618 -0.105371 -0.040249 0.597703 0.106072 -0.994235 -0.015674 2.488497 -0.038365 -0.019843 0.999067 0.676815
1655375904.491000 -0.993383 -0.101940 -0.052892 0.581899 0.103136 -0.994458 -0.020383 2.491229 -0.050521 -0.025703 0.998392 0.676536
1655375904.552000 -0.993729 -0.101805 -0.046236 0.563906 0.102691 -0.994565 -0.017199 2.494170 -0.044234 -0.021840 0.998782 0.675708
1655375904.616000 -0.993701 -0.106802 -0.033947 0.548278 0.107252 -0.994163 -0.011699 2.496802 -0.032499 -0.015266 0.999355 0.674759
1655375904.679000 -0.993523 -0.104988 -0.043465 0.532539 0.105752 -0.994269 -0.015661 2.499208 -0.041572 -0.020156 0.998932 0.673926
1655375904.740000 -0.993653 -0.102973 -0.045289 0.514510 0.103913 -0.994407 -0.018899 2.502222 -0.043090 -0.023486 0.998795 0.672915
1655375904.799000 -0.994102 -0.099727 -0.042617 0.498861 0.100374 -0.994860 -0.013337 2.504851 -0.041068 -0.017536 0.999002 0.672269
1655375904.860000 -0.994275 -0.098129 -0.042282 0.481163 0.098934 -0.994942 -0.017394 2.507945 -0.040361 -0.021477 0.998954 0.672329
1655375904.923000 -0.994533 -0.094663 -0.044086 0.465437 0.095424 -0.995316 -0.015497 2.510636 -0.042412 -0.019619 0.998908 0.672640
1655375904.983000 -0.994124 -0.099157 -0.043427 0.447361 0.099906 -0.994877 -0.015430 2.513576 -0.041674 -0.019678 0.998937 0.673811
1655375905.046000 -0.994612 -0.095383 -0.040602 0.431599 0.096118 -0.995232 -0.016548 2.516066 -0.038830 -0.020362 0.999038 0.674581
1655375905.108000 -0.994485 -0.093492 -0.047536 0.415753 0.094428 -0.995372 -0.017830 2.518355 -0.045649 -0.022220 0.998710 0.675453
1655375905.171000 -0.994951 -0.088221 -0.047850 0.397770 0.089066 -0.995900 -0.015834 2.520873 -0.046257 -0.020015 0.998729 0.676189
1655375905.231000 -0.995057 -0.088576 -0.044891 0.381958 0.089236 -0.995927 -0.012914 2.523004 -0.043564 -0.016856 0.998908 0.676875
1655375905.293000 -0.994373 -0.095277 -0.046321 0.363959 0.096008 -0.995285 -0.013819 2.525040 -0.044786 -0.018189 0.998831 0.677274
1655375905.353000 -0.995005 -0.091746 -0.039352 0.348267 0.092451 -0.995581 -0.016490 2.526672 -0.037665 -0.020046 0.999089 0.677012
1655375905.417000 -0.994832 -0.090463 -0.046107 0.332569 0.091431 -0.995623 -0.019344 2.528399 -0.044155 -0.023459 0.998749 0.676716
1655375905.478000 -0.994840 -0.092721 -0.041191 0.314294 0.093675 -0.995363 -0.021848 2.530077 -0.038974 -0.025594 0.998912 0.675936
1655375905.540000 -0.994569 -0.096672 -0.038570 0.298410 0.097399 -0.995093 -0.017437 2.531823 -0.036695 -0.021099 0.999104 0.675148
1655375905.602000 -0.993936 -0.100377 -0.044901 0.282263 0.101409 -0.994616 -0.021336 2.533137 -0.042518 -0.025760 0.998764 0.674193
1655375905.661000 -0.993591 -0.105116 -0.041567 0.263777 0.105983 -0.994182 -0.019220 2.534943 -0.039305 -0.023502 0.998951 0.673197
1655375905.726000 -0.993211 -0.109557 -0.039111 0.247542 0.110601 -0.993536 -0.025583 2.536305 -0.036055 -0.029735 0.998907 0.672459
1655375905.784000 -0.993309 -0.107607 -0.041935 0.228768 0.108652 -0.993802 -0.023497 2.538160 -0.039147 -0.027896 0.998844 0.671730
1655375905.846000 -0.992935 -0.109157 -0.046537 0.212185 0.110316 -0.993628 -0.023104 2.539870 -0.043718 -0.028074 0.998649 0.671574
1655375905.910000 -0.992721 -0.111929 -0.044463 0.195531 0.112788 -0.993469 -0.017294 2.541645 -0.042237 -0.022183 0.998861 0.671142
1655375905.970000 -0.992404 -0.114355 -0.045364 0.176335 0.115391 -0.993100 -0.020916 2.543731 -0.042659 -0.025992 0.998752 0.671030
1655375906.029000 -0.991839 -0.119540 -0.044341 0.159873 0.120540 -0.992494 -0.020609 2.545840 -0.041545 -0.025786 0.998804 0.670862
1655375906.092000 -0.991226 -0.119671 -0.056123 0.143295 0.120553 -0.992627 -0.012593 2.548061 -0.054202 -0.019248 0.998344 0.671015
1655375906.153000 -0.988638 -0.095198 -0.116332 0.125303 0.097037 -0.995228 -0.010232 2.549899 -0.114803 -0.021404 0.993158 0.671806
1655375906.217000 -0.988786 -0.063621 -0.135107 0.112023 0.066419 -0.997659 -0.016305 2.551199 -0.133753 -0.025095 0.990697 0.672251
1655375906.276000 -0.991089 -0.014562 -0.132407 0.100417 0.017372 -0.999647 -0.020096 2.552663 -0.132067 -0.022217 0.990992 0.672381
1655375906.337000 -0.990198 0.029539 -0.136511 0.093400 -0.026888 -0.999413 -0.021221 2.553142 -0.137058 -0.017342 0.990411 0.672433
1655375906.399000 -0.990275 0.076525 -0.116185 0.089224 -0.075086 -0.997037 -0.016714 2.553855 -0.117120 -0.007828 0.993087 0.671703
1655375906.462000 -0.984724 0.140254 -0.103183 0.087060 -0.138560 -0.990077 -0.023440 2.554184 -0.105447 -0.008785 0.994386 0.670882
1655375906.525000 -0.977364 0.196309 -0.078877 0.087138 -0.195173 -0.980523 -0.021942 2.553950 -0.081648 -0.006051 0.996643 0.669956
1655375906.584000 -0.963736 0.261484 -0.053284 0.088452 -0.260544 -0.965163 -0.024005 2.553421 -0.057705 -0.009251 0.998291 0.668623
1655375906.649000 -0.946424 0.320706 -0.037790 0.090127 -0.319772 -0.947058 -0.028766 2.552542 -0.045014 -0.015140 0.998872 0.667986
1655375906.710000 -0.924543 0.380022 -0.028364 0.091436 -0.379209 -0.924819 -0.030175 2.551601 -0.037699 -0.017142 0.999142 0.667476
1655375906.767000 -0.895641 0.444349 -0.019501 0.092597 -0.443411 -0.895466 -0.039071 2.550183 -0.034823 -0.026347 0.999046 0.667489
1655375906.829000 -0.866234 0.499395 -0.015600 0.092736 -0.497907 -0.865409 -0.056180 2.548865 -0.041556 -0.040898 0.998299 0.667770
1655375906.891000 -0.834000 0.551541 -0.015724 0.092098 -0.549745 -0.833046 -0.061767 2.547900 -0.047166 -0.042869 0.997967 0.668358
1655375906.951000 -0.790837 0.611837 -0.015237 0.090573 -0.609339 -0.789451 -0.073981 2.547619 -0.057293 -0.049222 0.997143 0.669595
1655375907.015000 -0.749130 0.662261 -0.014618 0.088901 -0.659857 -0.747988 -0.071430 2.548506 -0.058240 -0.043865 0.997338 0.670288
1655375907.077000 -0.705209 0.708808 -0.016485 0.086687 -0.706082 -0.704224 -0.074270 2.550061 -0.064252 -0.040736 0.997102 0.671295
1655375907.136000 -0.649420 0.760360 -0.010326 0.083958 -0.758264 -0.648534 -0.066631 2.552661 -0.057360 -0.035442 0.997724 0.671993
1655375907.199000 -0.600379 0.799647 -0.010504 0.081137 -0.798251 -0.600022 -0.052622 2.555478 -0.048382 -0.023208 0.998559 0.672381
1655375907.259000 -0.537777 0.842748 -0.023902 0.077945 -0.841108 -0.538240 -0.053234 2.558730 -0.057728 -0.008524 0.998296 0.672752
1655375907.320000 -0.486014 0.873376 -0.031683 0.075548 -0.871865 -0.487039 -0.051429 2.561750 -0.060348 0.002628 0.998174 0.672687
1655375907.383000 -0.428558 0.902743 -0.037323 0.073636 -0.901607 -0.429972 -0.047223 2.564613 -0.058679 0.013413 0.998187 0.672724
1655375907.444000 -0.363364 0.930685 -0.042338 0.072908 -0.929933 -0.365076 -0.044091 2.567110 -0.056492 0.023350 0.998130 0.672239
1655375907.504000 -0.306620 0.951011 -0.039530 0.073589 -0.951386 -0.307483 -0.017859 2.568852 -0.029139 0.032132 0.999059 0.672080
1655375907.567000 -0.251401 0.967452 -0.028867 0.075321 -0.967548 -0.251987 -0.018814 2.569444 -0.025476 0.023200 0.999406 0.672111
1655375907.626000 -0.184973 0.982455 -0.023820 0.078345 -0.982567 -0.185345 -0.014446 2.568555 -0.018607 0.020732 0.999612 0.672400
1655375907.688000 -0.131986 0.990979 -0.023224 0.082159 -0.991126 -0.132306 -0.012815 2.566779 -0.015772 0.021327 0.999648 0.672474
1655375907.750000 -0.090325 0.995286 -0.035315 0.087281 -0.995494 -0.091258 -0.025777 2.563156 -0.028879 0.032828 0.999044 0.672620
1655375907.811000 -0.063897 0.997740 -0.020785 0.092820 -0.997727 -0.063423 0.022751 2.559316 0.021382 0.022191 0.999525 0.672505
1655375907.872000 -0.043370 0.998956 -0.014351 0.099198 -0.998027 -0.042668 0.046060 2.553093 0.045400 0.016321 0.998836 0.672701
1655375907.934000 -0.028241 0.999450 -0.017399 0.107296 -0.998812 -0.027523 0.040221 2.542616 0.039720 0.018514 0.999039 0.673177
1655375907.996000 -0.015253 0.999867 -0.005825 0.115210 -0.999318 -0.015049 0.033733 2.530504 0.033641 0.006335 0.999414 0.673782
1655375908.059000 -0.006303 0.999966 -0.005310 0.123458 -0.999617 -0.006157 0.026972 2.515935 0.026938 0.005478 0.999622 0.674952
1655375908.118000 0.003639 0.999991 -0.002012 0.133324 -0.999977 0.003650 0.005676 2.496779 0.005683 0.001991 0.999982 0.676795
1655375908.183000 0.002708 0.999993 0.002722 0.141978 -0.999962 0.002731 -0.008303 2.478535 -0.008310 -0.002699 0.999962 0.678308
1655375908.246000 0.012702 0.999918 0.001831 0.150891 -0.999610 0.012744 -0.024847 2.459273 -0.024868 -0.001515 0.999690 0.679768
1655375908.302000 0.016365 0.999811 0.010539 0.161008 -0.998842 0.016825 -0.045082 2.437017 -0.045251 -0.009789 0.998928 0.681046
1655375908.363000 0.016834 0.999730 0.016028 0.169547 -0.998682 0.017590 -0.048215 2.418065 -0.048484 -0.015195 0.998708 0.681412
1655375908.426000 0.018482 0.999781 0.009777 0.177977 -0.998194 0.019010 -0.056984 2.399492 -0.057158 -0.008707 0.998327 0.681456
1655375908.486000 0.021887 0.999744 0.005700 0.187502 -0.998035 0.022184 -0.058593 2.379237 -0.058704 -0.004407 0.998266 0.680493
1655375908.548000 0.018481 0.999811 0.006062 0.195382 -0.998014 0.018812 -0.060119 2.362301 -0.060222 -0.004939 0.998173 0.679555
1655375908.610000 0.015219 0.999855 0.007699 0.204472 -0.998073 0.015654 -0.060036 2.344137 -0.060147 -0.006771 0.998167 0.678037
1655375908.671000 0.015370 0.999876 0.003561 0.212254 -0.998701 0.015525 -0.048540 2.329080 -0.048589 -0.002810 0.998815 0.676617
1655375908.733000 0.009813 0.999889 0.011244 0.221065 -0.998606 0.010382 -0.051743 2.312229 -0.051853 -0.010721 0.998597 0.675131
1655375908.795000 0.004839 0.999938 0.010011 0.228570 -0.999071 0.005263 -0.042769 2.298362 -0.042819 -0.009795 0.999035 0.673884
1655375908.859000 0.001636 0.999953 0.009508 0.235874 -0.999170 0.002021 -0.040685 2.284408 -0.040703 -0.009434 0.999127 0.672871
1655375908.920000 -0.004564 0.999901 0.013331 0.242828 -0.999394 -0.004101 -0.034576 2.270463 -0.034518 -0.013481 0.999313 0.672110
1655375908.981000 -0.007762 0.999721 0.022325 0.250336 -0.999306 -0.006941 -0.036601 2.254912 -0.036436 -0.022594 0.999081 0.671683
1655375909.043000 -0.011999 0.999787 0.016795 0.256274 -0.999478 -0.011488 -0.030185 2.241100 -0.029986 -0.017148 0.999403 0.671450
1655375909.104000 -0.009753 0.999876 0.012340 0.262808 -0.999526 -0.009388 -0.029334 2.224840 -0.029215 -0.012620 0.999493 0.671270
1655375909.163000 -0.010587 0.999821 0.015692 0.267991 -0.999375 -0.010051 -0.033877 2.210643 -0.033713 -0.016041 0.999303 0.671368
1655375909.225000 -0.012410 0.999844 0.012529 0.272775 -0.999416 -0.012004 -0.031984 2.196127 -0.031828 -0.012919 0.999410 0.671430
1655375909.285000 -0.012439 0.999768 0.017588 0.277930 -0.999293 -0.011805 -0.035709 2.179398 -0.035493 -0.018020 0.999207 0.671379
1655375909.348000 -0.011729 0.999817 0.015101 0.281948 -0.999190 -0.011138 -0.038676 2.164551 -0.038501 -0.015542 0.999138 0.671390
1655375909.410000 -0.011367 0.999809 0.015903 0.285750 -0.999092 -0.010703 -0.041242 2.149724 -0.041064 -0.016357 0.999023 0.671335
1655375909.469000 -0.006414 0.999938 0.009105 0.289723 -0.999400 -0.006100 -0.034093 2.132979 -0.034035 -0.009319 0.999377 0.671442
1655375909.531000 -0.005540 0.999903 0.012809 0.292673 -0.999384 -0.005093 -0.034732 2.118122 -0.034663 -0.012993 0.999315 0.671880
1655375909.592000 -0.004736 0.999969 0.006271 0.295818 -0.999398 -0.004517 -0.034406 2.101075 -0.034376 -0.006430 0.999388 0.672311
1655375909.656000 -0.008679 0.999947 0.005557 0.298439 -0.999359 -0.008480 -0.034786 2.086153 -0.034737 -0.005855 0.999379 0.672699
1655375909.717000 -0.008332 0.999901 0.011335 0.301022 -0.999021 -0.007831 -0.043545 2.071042 -0.043452 -0.011687 0.998987 0.673192
1655375909.777000 -0.002484 0.999994 0.002377 0.303647 -0.999493 -0.002407 -0.031747 2.054135 -0.031742 -0.002454 0.999493 0.673453
1655375909.840000 -0.004102 0.999970 0.006604 0.305789 -0.999321 -0.003857 -0.036639 2.039154 -0.036612 -0.006750 0.999307 0.673793
1655375909.903000 -0.008290 0.999913 0.010257 0.307819 -0.999371 -0.007931 -0.034572 2.024315 -0.034487 -0.010537 0.999350 0.674068
1655375909.962000 -0.004367 0.999981 0.004318 0.310326 -0.999456 -0.004223 -0.032704 2.007119 -0.032685 -0.004459 0.999456 0.674415
1655375910.023000 -0.004801 0.999972 0.005711 0.312350 -0.999325 -0.004589 -0.036440 1.992039 -0.036412 -0.005882 0.999320 0.675063
1655375910.084000 -0.006740 0.999949 0.007528 0.314483 -0.999285 -0.006455 -0.037250 1.974873 -0.037199 -0.007773 0.999278 0.675760
1655375910.148000 -0.009919 0.999942 0.004195 0.316551 -0.999246 -0.009754 -0.037587 1.959700 -0.037544 -0.004564 0.999285 0.676350
1655375910.207000 -0.005226 0.999968 0.006138 0.318432 -0.999464 -0.005024 -0.032356 1.944787 -0.032325 -0.006303 0.999458 0.676868
1655375910.268000 -0.011290 0.999907 0.007711 0.320652 -0.999323 -0.011013 -0.035107 1.927502 -0.035019 -0.008102 0.999354 0.677068
1655375910.329000 -0.012694 0.999869 0.010049 0.322364 -0.999340 -0.012344 -0.034161 1.912211 -0.034032 -0.010476 0.999366 0.677532
1655375910.390000 -0.017209 0.999827 0.007072 0.324261 -0.999280 -0.016959 -0.033951 1.896890 -0.033825 -0.007652 0.999398 0.677594
1655375910.451000 -0.017747 0.999787 0.010564 0.326205 -0.999283 -0.017382 -0.033650 1.879013 -0.033459 -0.011153 0.999378 0.677440
1655375910.516000 -0.019036 0.999746 0.012092 0.328041 -0.999093 -0.018560 -0.038318 1.863090 -0.038083 -0.012810 0.999192 0.677612
1655375910.576000 -0.022730 0.999629 0.014984 0.329327 -0.999181 -0.022213 -0.033828 1.847390 -0.033482 -0.015740 0.999315 0.677592
1655375910.635000 -0.020320 0.999730 0.011304 0.331093 -0.999287 -0.019949 -0.032042 1.829077 -0.031808 -0.011947 0.999423 0.677320
1655375910.697000 -0.022048 0.999741 0.005553 0.332055 -0.999255 -0.021860 -0.031815 1.812702 -0.031685 -0.006251 0.999478 0.677534
1655375910.758000 -0.026696 0.999564 0.012587 0.333006 -0.999197 -0.026305 -0.030231 1.794304 -0.029886 -0.013384 0.999464 0.678025
1655375910.820000 -0.028854 0.999481 0.014357 0.333516 -0.999068 -0.028375 -0.032517 1.777760 -0.032092 -0.015282 0.999368 0.678797
1655375910.881000 -0.033237 0.999383 0.011348 0.334112 -0.998877 -0.032833 -0.034147 1.761362 -0.033754 -0.012470 0.999352 0.679747
1655375910.943000 -0.034481 0.999317 0.013275 0.334505 -0.998871 -0.034025 -0.033138 1.742143 -0.032664 -0.014403 0.999363 0.681160
1655375911.006000 -0.026445 0.999576 0.012149 0.334690 -0.999013 -0.025993 -0.036022 1.725104 -0.035691 -0.013090 0.999277 0.682583
1655375911.066000 -0.024995 0.999649 0.008746 0.334837 -0.999149 -0.024693 -0.033045 1.708195 -0.032817 -0.009564 0.999416 0.683989
1655375911.127000 -0.017477 0.999831 0.005623 0.334816 -0.999207 -0.017264 -0.035892 1.688503 -0.035789 -0.006246 0.999340 0.685505
1655375911.192000 -0.022111 0.999705 0.010055 0.334473 -0.999109 -0.021734 -0.036168 1.671634 -0.035939 -0.010845 0.999295 0.686831
1655375911.252000 -0.015900 0.999872 0.001674 0.334465 -0.999180 -0.015827 -0.037271 1.654589 -0.037239 -0.002265 0.999304 0.687503
1655375911.314000 -0.012418 0.999917 0.003357 0.334609 -0.999255 -0.012287 -0.036579 1.635407 -0.036535 -0.003809 0.999325 0.687265
1655375911.372000 -0.010075 0.999927 0.006636 0.334775 -0.999226 -0.009815 -0.038094 1.618379 -0.038026 -0.007015 0.999252 0.686501
1655375911.434000 -0.011016 0.999901 0.008747 0.334898 -0.999271 -0.010689 -0.036649 1.599495 -0.036552 -0.009145 0.999290 0.684969
1655375911.495000 -0.013837 0.999865 0.008836 0.334904 -0.999090 -0.013469 -0.040464 1.582786 -0.040339 -0.009388 0.999142 0.682921
1655375911.559000 -0.016473 0.999839 0.007152 0.335493 -0.998924 -0.016147 -0.043486 1.566047 -0.043364 -0.007860 0.999028 0.681137
1655375911.620000 -0.018910 0.999771 0.010026 0.335624 -0.999194 -0.018542 -0.035613 1.547214 -0.035419 -0.010692 0.999315 0.678782
1655375911.681000 -0.020882 0.999710 0.011970 0.336032 -0.998890 -0.020357 -0.042489 1.530542 -0.042233 -0.012844 0.999025 0.677157
1655375911.744000 -0.021635 0.999726 0.008920 0.336484 -0.998857 -0.021234 -0.042833 1.514205 -0.042632 -0.009836 0.999042 0.675383
1655375911.803000 -0.021800 0.999679 0.012904 0.336730 -0.998893 -0.021241 -0.041965 1.495510 -0.041677 -0.013805 0.999036 0.673570
1655375911.863000 -0.022907 0.999693 0.009475 0.336850 -0.999076 -0.022546 -0.036579 1.479133 -0.036354 -0.010304 0.999286 0.672134
1655375911.927000 -0.023336 0.999689 0.008819 0.337163 -0.998997 -0.022981 -0.038442 1.462844 -0.038227 -0.009707 0.999222 0.670912
1655375911.986000 -0.022529 0.999712 0.008318 0.337168 -0.999101 -0.022215 -0.036111 1.444539 -0.035916 -0.009124 0.999313 0.670290
1655375912.047000 -0.024066 0.999631 0.012608 0.337459 -0.999018 -0.023578 -0.037518 1.428241 -0.037207 -0.013498 0.999216 0.670200
1655375912.109000 -0.024133 0.999617 0.013544 0.337678 -0.999090 -0.023639 -0.035491 1.409734 -0.035158 -0.014388 0.999278 0.670138
1655375912.170000 -0.023875 0.999641 0.012128 0.337917 -0.998995 -0.023396 -0.038227 1.393381 -0.037929 -0.013028 0.999195 0.670573
1655375912.233000 -0.020329 0.999728 0.011423 0.338034 -0.999109 -0.019891 -0.037218 1.377086 -0.036981 -0.012170 0.999242 0.670748
1655375912.297000 -0.024971 0.999451 0.021758 0.337808 -0.998597 -0.023921 -0.047243 1.358310 -0.046697 -0.022907 0.998646 0.670803
1655375912.355000 -0.017749 0.999743 0.014078 0.337879 -0.999136 -0.017206 -0.037821 1.342064 -0.037569 -0.014737 0.999185 0.671332
1655375912.419000 -0.019162 0.999760 0.010622 0.337576 -0.999095 -0.018744 -0.038183 1.326041 -0.037975 -0.011344 0.999214 0.671765
1655375912.479000 -0.023480 0.999651 0.012106 0.337418 -0.998758 -0.022923 -0.044233 1.307629 -0.043940 -0.013130 0.998948 0.672148
1655375912.542000 -0.021537 0.999706 0.011153 0.337063 -0.998856 -0.021039 -0.042943 1.291389 -0.042695 -0.012066 0.999015 0.672717
1655375912.601000 -0.023976 0.999689 0.006834 0.336799 -0.999063 -0.023714 -0.036200 1.273080 -0.036027 -0.007695 0.999321 0.673025
1655375912.667000 -0.025324 0.999607 0.012022 0.336471 -0.998847 -0.024810 -0.041102 1.257126 -0.040788 -0.013049 0.999083 0.673017
1655375912.727000 -0.021114 0.999746 0.007860 0.336498 -0.999274 -0.020853 -0.031880 1.241172 -0.031708 -0.008528 0.999461 0.673159
1655375912.789000 -0.026569 0.999587 0.010943 0.336353 -0.999172 -0.026218 -0.031096 1.222488 -0.030796 -0.011760 0.999457 0.673318
1655375912.850000 -0.027504 0.999581 0.008986 0.336563 -0.999036 -0.027179 -0.034459 1.205960 -0.034201 -0.009926 0.999366 0.673700
1655375912.909000 -0.025852 0.999637 0.007588 0.336725 -0.999175 -0.025601 -0.031516 1.187505 -0.031310 -0.008397 0.999474 0.674039
1655375912.972000 -0.030911 0.999452 0.011848 0.336710 -0.998774 -0.030427 -0.039057 1.170734 -0.038675 -0.013040 0.999167 0.674693
1655375913.033000 -0.030877 0.999455 0.011671 0.336649 -0.999074 -0.030511 -0.030351 1.153948 -0.029979 -0.012598 0.999471 0.675082
1655375913.095000 -0.031370 0.999398 0.014849 0.336540 -0.998805 -0.030788 -0.037951 1.134539 -0.037471 -0.016022 0.999169 0.675468
1655375913.159000 -0.034806 0.999235 0.017854 0.336514 -0.998536 -0.034030 -0.042056 1.117681 -0.041416 -0.019292 0.998956 0.675907
1655375913.219000 -0.032516 0.999377 0.013736 0.336166 -0.998765 -0.031974 -0.038030 1.098071 -0.037568 -0.014955 0.999182 0.677136
1655375913.282000 -0.034716 0.999359 0.008754 0.336041 -0.998563 -0.034328 -0.041161 1.080865 -0.040834 -0.010170 0.999114 0.678189
1655375913.342000 -0.032802 0.999431 0.007813 0.335409 -0.998495 -0.032426 -0.044219 1.064143 -0.043940 -0.009252 0.998991 0.679572
1655375913.402000 -0.036921 0.999241 0.012395 0.334776 -0.998429 -0.036362 -0.042640 1.045053 -0.042157 -0.013950 0.999014 0.680700
1655375913.466000 -0.037155 0.999159 0.017324 0.334284 -0.998280 -0.036325 -0.046016 1.028472 -0.045348 -0.019004 0.998790 0.681601
1655375913.526000 -0.036150 0.999273 0.012141 0.333454 -0.998470 -0.035607 -0.042294 1.010068 -0.041831 -0.013651 0.999031 0.682377
1655375913.588000 -0.035472 0.999341 0.007667 0.332689 -0.998658 -0.035156 -0.038026 0.993932 -0.037732 -0.009005 0.999247 0.682811
1655375913.650000 -0.037422 0.999231 0.011721 0.331773 -0.998402 -0.036888 -0.042817 0.978081 -0.042352 -0.013304 0.999014 0.683489
1655375913.710000 -0.038986 0.999158 0.012799 0.330799 -0.998387 -0.038420 -0.041805 0.959782 -0.041278 -0.014408 0.999044 0.684212
1655375913.774000 -0.038729 0.999147 0.014298 0.329959 -0.998422 -0.038111 -0.041236 0.943935 -0.040656 -0.015872 0.999047 0.684412
1655375913.835000 -0.039304 0.999208 0.006221 0.328821 -0.998460 -0.039029 -0.039417 0.926334 -0.039142 -0.007761 0.999203 0.684474
1655375913.896000 -0.041425 0.999110 0.007968 0.327935 -0.998448 -0.041098 -0.037574 0.910719 -0.037213 -0.009512 0.999262 0.684496
1655375913.959000 -0.039391 0.999117 0.014617 0.327037 -0.998297 -0.038720 -0.043630 0.895227 -0.043025 -0.016311 0.998941 0.684069
1655375914.020000 -0.039719 0.999162 0.009869 0.326170 -0.998554 -0.039333 -0.036633 0.877345 -0.036214 -0.011310 0.999280 0.683584
1655375914.083000 -0.042662 0.999028 0.011069 0.325135 -0.998116 -0.042129 -0.044608 0.861803 -0.044098 -0.012951 0.998943 0.683091
1655375914.143000 -0.039502 0.999161 0.010788 0.324454 -0.998558 -0.039081 -0.036807 0.846039 -0.036355 -0.012226 0.999264 0.682627
1655375914.202000 -0.040597 0.999120 0.010530 0.323441 -0.998422 -0.040155 -0.039253 0.828285 -0.038795 -0.012107 0.999174 0.682273
1655375914.266000 -0.039863 0.999121 0.012986 0.322636 -0.998397 -0.039304 -0.040737 0.812668 -0.040191 -0.014589 0.999085 0.682136
1655375914.326000 -0.040725 0.999151 0.006220 0.321750 -0.998590 -0.040489 -0.034318 0.794549 -0.034037 -0.007608 0.999392 0.681815
1655375914.387000 -0.045706 0.998882 0.012053 0.320577 -0.998161 -0.045185 -0.040412 0.779110 -0.039822 -0.013878 0.999110 0.681509
1655375914.451000 -0.043590 0.998951 0.014025 0.319628 -0.998492 -0.043092 -0.034014 0.763299 -0.033374 -0.015487 0.999323 0.681543
1655375914.509000 -0.047794 0.998773 0.012981 0.318209 -0.998247 -0.047307 -0.035556 0.745092 -0.034898 -0.014658 0.999283 0.681474
1655375914.574000 -0.048921 0.998756 0.009658 0.317179 -0.998157 -0.048539 -0.036432 0.728727 -0.035918 -0.011423 0.999289 0.681362
1655375914.633000 -0.052520 0.998550 0.011835 0.316068 -0.998130 -0.052119 -0.031934 0.712294 -0.031271 -0.013490 0.999420 0.681173
1655375914.694000 -0.048554 0.998766 0.010461 0.314481 -0.998323 -0.048196 -0.032064 0.693566 -0.031521 -0.012000 0.999431 0.680897
1655375914.759000 -0.046483 0.998825 0.013735 0.313286 -0.998263 -0.045950 -0.036867 0.676690 -0.036192 -0.015425 0.999226 0.680729
1655375914.820000 -0.048443 0.998797 0.007607 0.311711 -0.998165 -0.048133 -0.036728 0.657333 -0.036317 -0.009373 0.999296 0.680224
1655375914.881000 -0.046727 0.998819 0.013321 0.310371 -0.998068 -0.046136 -0.041622 0.640206 -0.040958 -0.015240 0.999045 0.679537
1655375914.943000 -0.043068 0.999029 0.009265 0.309137 -0.998097 -0.042614 -0.044560 0.623181 -0.044122 -0.011167 0.998964 0.678768
1655375915.001000 -0.044504 0.998942 0.011629 0.307730 -0.997839 -0.043886 -0.048897 0.603926 -0.048335 -0.013780 0.998736 0.678201
1655375915.062000 -0.042924 0.999012 0.011480 0.306486 -0.997964 -0.042331 -0.047703 0.587336 -0.047170 -0.013505 0.998796 0.677711
1655375915.127000 -0.045332 0.998949 0.006757 0.305349 -0.998042 -0.044997 -0.043446 0.571057 -0.043096 -0.008713 0.999033 0.677894
1655375915.188000 -0.047882 0.998843 0.004538 0.304143 -0.997909 -0.047639 -0.043687 0.552551 -0.043420 -0.006621 0.999035 0.678615
1655375915.249000 -0.049456 0.998761 0.005485 0.303171 -0.998230 -0.049246 -0.033333 0.536401 -0.033022 -0.007124 0.999429 0.679699
1655375915.308000 -0.050309 0.998624 0.014809 0.302396 -0.997854 -0.049636 -0.042706 0.518051 -0.041912 -0.016926 0.998978 0.680999
1655375915.372000 -0.051775 0.998627 0.007957 0.301465 -0.997886 -0.051420 -0.039740 0.502127 -0.039276 -0.009998 0.999178 0.682245
1655375915.433000 -0.053931 0.998449 0.013804 0.300796 -0.997752 -0.053332 -0.040574 0.486080 -0.039775 -0.015961 0.999081 0.683511
1655375915.492000 -0.059222 0.998171 0.012112 0.299860 -0.997536 -0.058718 -0.038407 0.467710 -0.037625 -0.014356 0.999189 0.685179
1655375915.554000 -0.059447 0.998143 0.013306 0.298874 -0.997405 -0.058851 -0.041464 0.451629 -0.040604 -0.015736 0.999051 0.685980
1655375915.619000 -0.057110 0.998309 0.010839 0.297931 -0.997741 -0.056686 -0.036060 0.435587 -0.035384 -0.012873 0.999291 0.686585
1655375915.676000 -0.059062 0.998197 0.010704 0.296573 -0.997600 -0.058632 -0.036828 0.417230 -0.036134 -0.012853 0.999264 0.686440
1655375915.739000 -0.060975 0.998091 0.009856 0.295262 -0.997595 -0.060613 -0.033635 0.400757 -0.032973 -0.011884 0.999386 0.685824
1655375915.803000 -0.059269 0.998205 0.008591 0.294085 -0.997672 -0.058942 -0.034306 0.384506 -0.033738 -0.010605 0.999374 0.685101
1655375915.861000 -0.059151 0.998243 0.003576 0.292532 -0.996891 -0.058883 -0.052354 0.365595 -0.052051 -0.006662 0.998622 0.684404
1655375915.922000 -0.057733 0.998323 0.004215 0.291189 -0.992576 -0.056947 -0.107467 0.349856 -0.107047 -0.010388 0.994200 0.684029
1655375915.983000 -0.055400 0.998386 0.012487 0.290037 -0.990854 -0.053432 -0.123911 0.334773 -0.123044 -0.019237 0.992215 0.682828
1655375916.045000 -0.055091 0.998427 0.010376 0.288943 -0.990957 -0.053400 -0.123097 0.324238 -0.122350 -0.017064 0.992340 0.681493
1655375916.108000 -0.037143 0.999309 0.001346 0.287984 -0.993155 -0.036765 -0.110865 0.316489 -0.110738 -0.005454 0.993835 0.680010
1655375916.168000 -0.008329 0.999912 0.010374 0.287211 -0.994873 -0.007240 -0.100877 0.310682 -0.100793 -0.011161 0.994845 0.677693
1655375916.231000 0.030319 0.999513 0.007370 0.286733 -0.995967 0.030832 -0.084254 0.307699 -0.084440 -0.004786 0.996417 0.675283
1655375916.290000 0.071327 0.997435 0.006043 0.286606 -0.994251 0.071582 -0.079629 0.305741 -0.079857 -0.000329 0.996806 0.672932
1655375916.350000 0.132775 0.990996 0.017275 0.287008 -0.989359 0.133562 -0.057698 0.305043 -0.059486 -0.009430 0.998185 0.670307
1655375916.413000 0.183982 0.982796 0.016207 0.287922 -0.981571 0.184569 -0.049530 0.305019 -0.051669 -0.006796 0.998641 0.667900
1655375916.474000 0.238442 0.971049 0.014489 0.288980 -0.970273 0.238835 -0.039104 0.304640 -0.041433 -0.004734 0.999130 0.666123
1655375916.537000 0.302764 0.952998 0.011383 0.290646 -0.952628 0.302965 -0.026677 0.304367 -0.028872 -0.002767 0.999579 0.664708
1655375916.596000 0.360676 0.932668 0.006627 0.292736 -0.932394 0.360731 -0.022675 0.303704 -0.023539 0.001999 0.999721 0.663890
1655375916.657000 0.418667 0.907975 0.017304 0.295511 -0.907660 0.418989 -0.024513 0.302542 -0.029507 -0.005443 0.999550 0.663988
1655375916.719000 0.479354 0.877355 0.021617 0.299437 -0.877239 0.479727 -0.017701 0.300539 -0.025900 -0.010478 0.999610 0.664605
1655375916.781000 0.532531 0.845343 0.042494 0.303025 -0.845680 0.533485 -0.014759 0.298504 -0.035147 -0.028077 0.998988 0.665374
1655375916.846000 0.586987 0.808087 0.049409 0.306478 -0.808413 0.588335 -0.018171 0.296097 -0.043752 -0.029276 0.998613 0.666432
1655375916.906000 0.643272 0.763548 0.056522 0.309740 -0.763660 0.645162 -0.024253 0.292777 -0.054985 -0.027562 0.998107 0.667703
1655375916.968000 0.690364 0.721825 0.048653 0.311936 -0.721859 0.691749 -0.020066 0.289990 -0.048140 -0.021268 0.998614 0.669004
1655375917.027000 0.740564 0.670564 0.043698 0.313933 -0.670295 0.741747 -0.022716 0.286728 -0.047645 -0.012467 0.998787 0.670568
1655375917.087000 0.780730 0.622599 0.053213 0.315454 -0.622812 0.782237 -0.014513 0.284206 -0.050661 -0.021811 0.998478 0.671512
1655375917.151000 0.815988 0.575808 0.051082 0.316400 -0.575894 0.817396 -0.014495 0.281586 -0.050101 -0.017590 0.998589 0.672372
1655375917.210000 0.857597 0.511944 0.049414 0.317101 -0.511767 0.858954 -0.017124 0.278981 -0.051211 -0.010603 0.998632 0.673055
1655375917.271000 0.888212 0.455178 0.062389 0.317453 -0.455365 0.890224 -0.012020 0.277160 -0.061011 -0.017733 0.997980 0.673918
1655375917.336000 0.913348 0.403565 0.054128 0.317255 -0.403574 0.914878 -0.011252 0.275440 -0.054061 -0.011567 0.998471 0.674276
1655375917.394000 0.934441 0.352683 0.049347 0.316686 -0.352771 0.935682 -0.007197 0.273834 -0.048712 -0.010683 0.998756 0.674898
1655375917.459000 0.947122 0.317463 0.046652 0.315937 -0.317687 0.948192 -0.002721 0.272791 -0.045099 -0.012244 0.998908 0.676037
1655375917.520000 0.957001 0.285385 0.052012 0.314758 -0.286148 0.958154 0.007706 0.271887 -0.047636 -0.022258 0.998617 0.677498
1655375917.579000 0.964725 0.258982 0.047255 0.313687 -0.259612 0.965683 0.007596 0.270808 -0.043666 -0.019596 0.998854 0.678572
1655375917.644000 0.974194 0.222950 0.035210 0.312823 -0.223247 0.974751 0.004689 0.270054 -0.033276 -0.012429 0.999369 0.679598
1655375917.702000 0.983571 0.178371 0.027788 0.311920 -0.178434 0.983952 -0.000213 0.269423 -0.027380 -0.004749 0.999614 0.680122
1655375917.767000 0.990866 0.131503 0.029870 0.311696 -0.131494 0.991314 -0.002267 0.269256 -0.029909 -0.001681 0.999551 0.680123
1655375917.826000 0.996409 0.082903 0.017194 0.311717 -0.083081 0.996494 0.009904 0.269414 -0.016313 -0.011297 0.999803 0.680177
1655375917.886000 0.999171 0.038334 0.013737 0.312588 -0.038677 0.998923 0.025618 0.269649 -0.012740 -0.026128 0.999577 0.680005
1655375917.949000 0.999873 0.003605 0.015518 0.314629 -0.003716 0.999967 0.007170 0.269679 -0.015492 -0.007227 0.999854 0.680303
1655375918.010000 0.998669 -0.022187 -0.046551 0.318073 0.023142 0.999531 0.020072 0.269701 0.046083 -0.021122 0.998714 0.680227
1655375918.072000 0.996819 -0.039067 -0.069464 0.323738 0.040430 0.999014 0.018319 0.269956 0.068680 -0.021070 0.997416 0.680369
1655375918.135000 0.997046 -0.052087 -0.056440 0.332609 0.052875 0.998522 0.012566 0.269978 0.055702 -0.015513 0.998327 0.680372
1655375918.195000 0.995802 -0.066298 -0.063111 0.346334 0.067276 0.997643 0.013504 0.270306 0.062067 -0.017693 0.997915 0.680362
1655375918.258000 0.996313 -0.067898 -0.052449 0.361745 0.068629 0.997567 0.012259 0.270407 0.051489 -0.015814 0.998548 0.680447
1655375918.319000 0.996917 -0.075305 -0.022043 0.382438 0.075557 0.997083 0.010822 0.271171 0.021164 -0.012454 0.999698 0.680749
1655375918.380000 0.996815 -0.079390 -0.007591 0.402124 0.079437 0.996822 0.006036 0.272111 0.007087 -0.006620 0.999953 0.681524
1655375918.443000 0.996494 -0.083087 0.009836 0.423047 0.083063 0.996540 0.002894 0.273488 -0.010042 -0.002067 0.999947 0.682141
1655375918.502000 0.996092 -0.083479 0.028852 0.447014 0.083482 0.996509 0.001099 0.275356 -0.028843 0.001314 0.999583 0.683115
1655375918.567000 0.995666 -0.084763 0.038269 0.468001 0.084825 0.996396 0.000022 0.277593 -0.038133 0.003224 0.999267 0.684077
1655375918.625000 0.995615 -0.083300 0.042560 0.488515 0.083385 0.996517 -0.000222 0.280515 -0.042393 0.003769 0.999094 0.684937
1655375918.687000 0.995262 -0.084585 0.047941 0.510871 0.084448 0.996416 0.004886 0.284118 -0.048183 -0.000814 0.998838 0.685343
1655375918.750000 0.994930 -0.087109 0.050270 0.529415 0.087091 0.996197 0.002538 0.287752 -0.050300 0.001853 0.998732 0.685198
1655375918.812000 0.995616 -0.082555 0.043981 0.549518 0.082333 0.996581 0.006825 0.292139 -0.044394 -0.003174 0.999009 0.684616
1655375918.873000 0.994240 -0.081985 0.069029 0.566375 0.081590 0.996630 0.008521 0.296256 -0.069495 -0.002839 0.997578 0.683840
1655375918.933000 0.988847 -0.081997 0.124331 0.583050 0.080207 0.996591 0.019345 0.301087 -0.125494 -0.009157 0.992052 0.682614
1655375918.999000 0.988369 -0.081761 0.128223 0.594290 0.078602 0.996469 0.029519 0.305093 -0.130184 -0.019097 0.991306 0.681195
1655375919.058000 0.988907 -0.082100 0.123782 0.602591 0.079924 0.996548 0.022455 0.308720 -0.125199 -0.012312 0.992055 0.679489
1655375919.119000 0.990734 -0.075896 0.112636 0.608289 0.074213 0.997060 0.019068 0.312415 -0.113752 -0.010532 0.993453 0.678008
1655375919.182000 0.992907 -0.074451 0.092698 0.610282 0.072745 0.997116 0.021653 0.315374 -0.094043 -0.014757 0.995459 0.676822
1655375919.242000 0.994776 -0.073287 0.071060 0.610025 0.072045 0.997203 0.019893 0.318611 -0.072320 -0.014670 0.997274 0.675625
1655375919.303000 0.995405 -0.072613 0.062420 0.608620 0.071802 0.997304 0.015150 0.321296 -0.063351 -0.010599 0.997935 0.674742
1655375919.368000 0.996753 -0.070752 0.038453 0.606651 0.070223 0.997420 0.014926 0.323872 -0.039410 -0.012177 0.999149 0.673724
1655375919.427000 0.997280 -0.069162 0.025484 0.604278 0.068857 0.997546 0.012674 0.326954 -0.026298 -0.010885 0.999595 0.673254
1655375919.488000 0.997151 -0.071748 0.023272 0.602747 0.071539 0.997391 0.009677 0.329790 -0.023906 -0.007984 0.999682 0.673430
1655375919.551000 0.997713 -0.066411 0.012607 0.601348 0.066260 0.997730 0.012023 0.332784 -0.013377 -0.011160 0.999848 0.673873
1655375919.612000 0.997554 -0.067789 0.017064 0.601075 0.067596 0.997645 0.011636 0.336478 -0.017812 -0.010454 0.999787 0.674553
1655375919.674000 0.997685 -0.065157 0.019457 0.601281 0.065017 0.997854 0.007733 0.339734 -0.019919 -0.006451 0.999781 0.675047
1655375919.735000 0.997710 -0.065715 0.016002 0.602179 0.065407 0.997677 0.019053 0.342977 -0.017216 -0.017963 0.999690 0.675447
1655375919.796000 0.997198 -0.071273 0.022710 0.604112 0.070968 0.997381 0.013948 0.346688 -0.023644 -0.012297 0.999645 0.676158
1655375919.855000 0.997381 -0.069201 0.021053 0.606051 0.068871 0.997497 0.016012 0.349624 -0.022108 -0.014520 0.999650 0.676647
1655375919.920000 0.997285 -0.068824 0.026184 0.608643 0.068241 0.997414 0.022572 0.352677 -0.027670 -0.020724 0.999402 0.677424
1655375919.978000 0.997065 -0.071399 0.027629 0.611728 0.070843 0.997275 0.020612 0.355722 -0.029026 -0.018594 0.999406 0.678381
1655375920.040000 0.996635 -0.075293 0.032405 0.614833 0.074826 0.997078 0.015407 0.358345 -0.033470 -0.012930 0.999356 0.678693
1655375920.101000 0.996754 -0.074647 0.030164 0.618316 0.074027 0.997031 0.021172 0.360887 -0.031654 -0.018870 0.999321 0.679456
1655375920.163000 0.996594 -0.075766 0.032568 0.621596 0.075216 0.997008 0.017805 0.362892 -0.033819 -0.015295 0.999311 0.679987
1655375920.227000 0.996258 -0.079325 0.034325 0.624718 0.078724 0.996724 0.018526 0.364720 -0.035682 -0.015754 0.999239 0.680676
1655375920.286000 0.996275 -0.079233 0.034038 0.628165 0.078612 0.996720 0.019202 0.366348 -0.035448 -0.016455 0.999236 0.681245
1655375920.351000 0.996196 -0.080515 0.033315 0.630957 0.080054 0.996678 0.014948 0.367677 -0.034408 -0.012224 0.999333 0.681257
